x1	x2	x3	x4	t
1.000000	0.000000	0.000000	0.100000	0.000000
0.951887	0.050000	-0.196880	0.094713	0.500000
0.803120	0.094713	-0.412062	0.075919	1.000000
0.539825	0.125919	-0.658159	0.031723	1.500000
0.144961	0.126436	-0.854848	-0.055765	2.000000
-0.315023	0.070155	-0.801381	-0.138972	2.500000
-0.656420	-0.012536	-0.553627	-0.162914	3.000000
-0.868650	-0.092760	-0.316295	-0.148897	3.500000
-0.972715	-0.161433	-0.111871	-0.121371	4.000000
-0.980521	-0.214131	0.078057	-0.084940	4.500000
-0.894659	-0.246373	0.271321	-0.037057	5.000000
-0.709200	-0.251188	0.484816	0.030711	5.500000
-0.409842	-0.215662	0.718681	0.134179	6.000000
0.009481	-0.117009	0.834095	0.253472	6.500000
0.424253	0.037810	0.696214	0.297756	7.000000
0.705695	0.180747	0.443662	0.255338	7.500000
0.867915	0.293148	0.225441	0.191364	8.000000
0.931136	0.372111	0.037332	0.122315	8.500000
0.905247	0.415463	-0.139579	0.046407	9.000000
0.791557	0.418518	-0.321598	-0.043705	9.500000
0.583649	0.371758	-0.522353	-0.161380	10.000000
0.269203	0.257138	-0.722146	-0.318315	10.500000
-0.138497	0.053443	-0.750490	-0.432438	11.000000
-0.481287	-0.175299	-0.557765	-0.410931	11.500000
-0.696262	-0.357488	-0.325067	-0.310526	12.000000
-0.806354	-0.485826	-0.132849	-0.204056	12.500000
-0.829110	-0.561544	0.034050	-0.097550	13.000000
-0.772305	-0.583375	0.192885	0.016217	13.500000
-0.636225	-0.545327	0.357486	0.149235	14.000000
-0.414818	-0.434141	0.534672	0.318508	14.500000
-0.101553	-0.226819	0.669168	0.509876	15.000000
0.254349	0.075735	0.607441	0.574031	15.500000
0.505887	0.347213	0.394091	0.468154	16.000000
0.648441	0.543889	0.199651	0.321676	16.500000
0.705538	0.668889	0.042407	0.181940	17.000000
0.690848	0.725829	-0.095587	0.044323	17.500000
0.609952	0.713212	-0.228253	-0.102947	18.000000
0.462595	0.622882	-0.365405	-0.275845	18.500000
0.244546	0.437367	-0.502509	-0.489807	19.000000
-0.039914	0.133075	-0.550066	-0.671446	19.500000
-0.305519	-0.234079	-0.427705	-0.655006	20.000000
-0.467619	-0.521931	-0.240417	-0.482189	20.500000
-0.545936	-0.716268	-0.092347	-0.304331	21.000000
-0.559967	-0.826262	0.026023	-0.140183	21.500000
-0.519913	-0.856452	0.129946	0.021720	22.000000
-0.430021	-0.804542	0.229222	0.196313	22.500000
-0.290691	-0.660139	0.328522	0.402042	23.000000
-0.101499	-0.402500	0.410933	0.644350	23.500000
0.120242	-0.015788	0.385919	0.780982	24.000000
0.284420	0.378482	0.246764	0.679965	24.500000
0.367006	0.664176	0.107030	0.466169	25.000000
0.391451	0.844651	0.005577	0.267494	25.500000
0.372583	0.931670	-0.073343	0.084996	26.000000
0.318107	0.929648	-0.140651	-0.096684	26.500000
0.231932	0.834986	-0.201653	-0.294815	27.000000
0.116455	0.634833	-0.254415	-0.528196	27.500000
-0.022483	0.306790	-0.269207	-0.774362	28.000000
-0.152753	-0.139530	-0.193017	-0.830962	28.500000
-0.215499	-0.524172	-0.074302	-0.644767	29.000000
-0.227054	-0.784296	0.008742	-0.410228	29.500000
-0.206758	-0.934399	0.062288	-0.202159	30.000000
-0.164766	-0.986455	0.099834	-0.009214	30.500000
-0.106924	-0.943613	0.127073	0.186186	31.000000
-0.037693	-0.800269	0.143922	0.402631	31.500000
0.036998	-0.540982	0.140139	0.653736	32.000000
0.102446	-0.146533	0.084219	0.855660	32.500000
0.121218	0.314678	-0.007026	0.806721	33.000000
0.095420	0.660188	-0.069959	0.563968	33.500000
0.051259	0.878646	-0.094619	0.328984	34.000000
0.000801	0.989172	-0.100994	0.123780	34.500000
-0.049736	1.002427	-0.096322	-0.069246	35.000000
-0.095522	0.919926	-0.080870	-0.268059	35.500000
-0.130606	0.734367	-0.048904	-0.490688	36.000000
-0.144425	0.429238	0.015483	-0.738416	36.500000
-0.115123	-0.004049	0.113948	-0.864627	37.000000
-0.030477	-0.435389	0.178681	-0.728539	37.500000
0.063558	-0.732588	0.177489	-0.472419	38.000000
0.147011	-0.907808	0.150259	-0.247644	38.500000
0.213817	-0.980231	0.113172	-0.051140	39.000000
0.260183	-0.958948	0.067374	0.136028	39.500000
0.281191	-0.844204	0.008158	0.331139	40.000000
0.268341	-0.627809	-0.075651	0.549654	40.500000
0.205540	-0.294550	-0.198437	0.770895	41.000000
0.069904	0.143085	-0.303724	0.808846	41.500000
-0.098184	0.514296	-0.310693	0.608942	42.000000
-0.240789	0.752028	-0.249469	0.363834	42.500000
-0.347652	0.878129	-0.176304	0.157680	43.000000
-0.417094	0.909708	-0.098809	-0.024245	43.500000
-0.446461	0.853884	-0.012507	-0.200063	44.000000
-0.429600	0.709645	0.092360	-0.385342	44.500000
-0.354101	0.468542	0.231598	-0.588852	45.000000
-0.198003	0.120792	0.397129	-0.747313	45.500000
0.043028	-0.278771	0.464822	-0.687435	46.000000
0.266819	-0.566642	0.391620	-0.456897	46.500000
0.434648	-0.735668	0.279342	-0.242731	47.000000
0.546160	-0.809374	0.167921	-0.065752	47.500000
0.602569	-0.801420	0.055145	0.092612	48.000000
0.601306	-0.716761	-0.068432	0.247876	48.500000
0.534137	-0.553544	-0.217115	0.412221	49.000000
0.384191	-0.304541	-0.406508	0.582518	49.500000
0.127629	0.028974	-0.573793	0.653256	50.000000
-0.189603	0.348716	-0.571604	0.523871	50.500000
-0.443975	0.552846	-0.430583	0.310931	51.000000
-0.620185	0.659647	-0.280110	0.136692	51.500000
-0.724085	0.689537	-0.138108	-0.006587	52.000000
-0.758293	0.653060	0.004442	-0.135700	52.500000
-0.719643	0.553837	0.160745	-0.262667	53.000000
-0.597548	0.390393	0.348340	-0.394930	53.500000
-0.371303	0.158906	0.574044	-0.514995	54.000000
-0.023504	-0.124602	0.706805	-0.507604	54.500000
0.335502	-0.348698	0.623727	-0.350199	55.000000
0.600223	-0.474801	0.435649	-0.178011	55.500000
0.771151	-0.526709	0.257038	-0.045885	56.000000
0.857261	-0.520686	0.090224	0.061850	56.500000
0.861375	-0.464859	-0.078260	0.158328	57.000000
0.779001	-0.362357	-0.264703	0.251498	57.500000
0.596671	-0.213361	-0.487879	0.342055	58.000000
0.291122	-0.020303	-0.726069	0.394135	58.500000
-0.129398	0.180774	-0.784870	0.323683	59.000000
-0.493749	0.303381	-0.614478	0.175030	59.500000
-0.743876	0.355803	-0.397659	0.055773	60.000000
-0.891407	0.359154	-0.202290	-0.030678	60.500000
-0.946166	0.325125	-0.018557	-0.099313	61.000000
-0.909965	0.259841	0.169975	-0.158431	61.500000
-0.776191	0.166694	0.381738	-0.210816	62.000000
-0.528227	0.049024	0.631108	-0.247885	62.500000
-0.145083	-0.081191	0.833204	-0.222984	63.000000
0.304978	-0.173959	0.790555	-0.123040	63.500000
0.645472	-0.204231	0.559365	-0.022061	64.000000
0.864343	-0.196020	0.332908	0.040196	64.500000
0.978380	-0.164034	0.132417	0.080009	65.000000
0.996760	-0.116011	-0.058488	0.107132	65.500000
0.919892	-0.056902	-0.257472	0.124635	66.000000
0.739288	0.008624	-0.483263	0.129628	66.500000
0.436629	0.072726	-0.738267	0.106060	67.000000
0.001021	0.114684	-0.871707	0.028764	67.500000
-0.435078	0.101490	-0.740759	-0.057048	68.000000
-0.739738	0.057636	-0.487873	-0.097171	68.500000
-0.922951	0.004319	-0.262623	-0.107119	69.000000
-1.002361	-0.049483	-0.063057	-0.102877	69.500000
-0.986008	-0.098558	0.129327	-0.088492	70.000000
-0.873034	-0.137975	0.332366	-0.062016	70.500000
-0.653642	-0.160574	0.562979	-0.014687	71.000000
-0.310055	-0.152663	0.799600	0.071177	71.500000
0.145957	-0.089396	0.845021	0.167572	72.000000
0.534965	0.014909	0.642411	0.204832	72.500000
0.788368	0.115435	0.391527	0.184173	73.000000
0.926493	0.199082	0.177167	0.146003	73.500000
0.965535	0.261438	-0.014767	0.099571	74.000000
0.911725	0.298653	-0.202824	0.043243	74.500000
0.762711	0.304682	-0.403947	-0.030254	75.000000
0.507778	0.268399	-0.628601	-0.135326	75.500000
0.134111	0.169356	-0.805990	-0.272156	76.000000
-0.298212	-0.003757	-0.748008	-0.344756	76.500000
-0.613897	-0.175401	-0.505867	-0.307428	77.000000
-0.804079	-0.311186	-0.277842	-0.231893	77.500000
-0.891739	-0.407294	-0.086061	-0.151448	78.000000
-0.890141	-0.462634	0.088307	-0.066446	78.500000
-0.803432	-0.473740	0.261995	0.030018	79.000000
-0.628145	-0.432616	0.449272	0.150223	79.500000
-0.354160	-0.323516	0.648330	0.309875	80.000000
0.020184	-0.122741	0.739048	0.460179	80.500000
0.384888	0.136662	0.604453	0.474439	81.000000
0.624637	0.351698	0.371334	0.369170	81.500000
0.756222	0.505833	0.175791	0.249822	82.000000
0.800428	0.601520	0.011584	0.133639	82.500000
0.767806	0.639471	-0.139241	0.014274	83.000000
0.661187	0.615794	-0.290627	-0.119431	83.500000
0.477179	0.520040	-0.452607	-0.283696	84.000000
0.208581	0.332098	-0.606945	-0.486936	84.500000
-0.129766	0.033104	-0.615152	-0.613689	85.000000
-0.406571	-0.281590	-0.441747	-0.551913	85.500000
-0.571514	-0.518809	-0.241809	-0.394483	86.000000
-0.648380	-0.676073	-0.082835	-0.240603	86.500000
-0.654348	-0.759412	0.050722	-0.093958	87.000000
-0.597658	-0.770032	0.173881	0.056711	87.500000
-0.480467	-0.702701	0.297055	0.226323	88.000000
-0.300603	-0.543709	0.423448	0.433237	88.500000
-0.057019	-0.269464	0.510235	0.657496	89.000000
0.209631	0.113787	0.444129	0.718100	89.500000
0.387110	0.448636	0.267808	0.568697	90.000000
0.477440	0.682484	0.115947	0.375192	90.500000
0.503057	0.823829	-0.000673	0.197682	91.000000
0.476766	0.880166	-0.098367	0.028149	91.500000
0.404690	0.851978	-0.187823	-0.148315	92.000000
0.288943	0.731851	-0.274640	-0.349535	92.500000
0.130050	0.502443	-0.351853	-0.590435	93.000000
-0.062911	0.141416	-0.356598	-0.787968	93.500000
-0.226548	-0.285525	-0.247726	-0.753624	94.000000
-0.310636	-0.612208	-0.110811	-0.540309	94.500000
-0.337359	-0.825834	-0.013016	-0.328281	95.000000
-0.323652	-0.940490	0.058895	-0.137833	95.500000
-0.278464	-0.963667	0.117006	0.045803	96.000000
-0.206646	-0.894687	0.167103	0.239561	96.500000
-0.111362	-0.724106	0.209219	0.462426	97.000000
0.002572	-0.432261	0.227069	0.717926	97.500000
0.115708	-0.006180	0.170671	0.855133	98.000000
0.173243	0.422871	0.063754	0.732841	98.500000
0.179462	0.726661	-0.016623	0.489914	99.000000
0.156621	0.912785	-0.063183	0.270252	99.500000
0.116278	0.996913	-0.091792	0.073029	100.000000
