x1	x2	x3	x4	t
1.000000	0.000000	0.000000	0.100000	0.000000
0.998075	0.010000	-0.038525	0.099807	0.100000
0.992295	0.019961	-0.077191	0.099224	0.200000
0.982637	0.029845	-0.116140	0.098240	0.300000
0.969067	0.039609	-0.155517	0.096835	0.400000
0.951534	0.049212	-0.195470	0.094984	0.500000
0.929973	0.058606	-0.236153	0.092648	0.600000
0.904303	0.067741	-0.277721	0.089778	0.700000
0.874429	0.076562	-0.320335	0.086313	0.800000
0.840236	0.085004	-0.364154	0.082174	0.900000
0.801598	0.092996	-0.409329	0.077263	1.000000
0.758370	0.100457	-0.455991	0.071459	1.100000
0.710399	0.107288	-0.504227	0.064615	1.200000
0.657525	0.113380	-0.554044	0.056550	1.300000
0.599591	0.118598	-0.605305	0.047052	1.400000
0.536464	0.122790	-0.657634	0.035882	1.500000
0.468064	0.125775	-0.710266	0.022789	1.600000
0.394411	0.127348	-0.761859	0.007553	1.700000
0.315692	0.127285	-0.810279	-0.009935	1.800000
0.232355	0.125361	-0.852477	-0.029554	1.900000
0.145197	0.121374	-0.884670	-0.050802	2.000000
0.055421	0.115200	-0.903039	-0.072721	2.100000
-0.035411	0.106830	-0.904910	-0.093988	2.200000
-0.125561	0.096403	-0.889831	-0.113236	2.300000
-0.213377	0.084183	-0.859799	-0.129439	2.400000
-0.297521	0.070515	-0.818428	-0.142137	2.500000
-0.377063	0.055756	-0.769704	-0.151393	2.600000
-0.451461	0.040236	-0.717046	-0.157597	2.700000
-0.520472	0.024236	-0.662950	-0.161262	2.800000
-0.584052	0.007984	-0.609029	-0.162893	2.900000
-0.642278	-0.008342	-0.556216	-0.162920	3.000000
-0.695295	-0.024600	-0.504986	-0.161691	3.100000
-0.743275	-0.040680	-0.455522	-0.159471	3.200000
-0.786399	-0.056494	-0.407834	-0.156460	3.300000
-0.824842	-0.071972	-0.361836	-0.152808	3.400000
-0.858766	-0.087056	-0.317390	-0.148621	3.500000
-0.888320	-0.101697	-0.274333	-0.143978	3.600000
-0.913633	-0.115852	-0.232495	-0.138934	3.700000
-0.934819	-0.129483	-0.191705	-0.133526	3.800000
-0.951974	-0.142557	-0.151798	-0.127776	3.900000
-0.965178	-0.155039	-0.112614	-0.121697	4.000000
-0.974497	-0.166896	-0.073999	-0.115290	4.100000
-0.979978	-0.178097	-0.035804	-0.108550	4.200000
-0.981658	-0.188606	0.002113	-0.101463	4.300000
-0.979556	-0.198389	0.039892	-0.094008	4.400000
-0.973679	-0.207408	0.077671	-0.086158	4.500000
-0.964021	-0.215621	0.115589	-0.077879	4.600000
-0.950561	-0.222984	0.153782	-0.069127	4.700000
-0.933265	-0.229446	0.192389	-0.059851	4.800000
-0.912084	-0.234954	0.231554	-0.049991	4.900000
-0.886954	-0.239444	0.271418	-0.039473	5.000000
-0.857800	-0.242848	0.312128	-0.028212	5.100000
-0.824529	-0.245087	0.353827	-0.016108	5.200000
-0.787035	-0.246070	0.396650	-0.003045	5.300000
-0.745199	-0.245696	0.440716	0.011114	5.400000
-0.698891	-0.243847	0.486107	0.026522	5.500000
-0.647977	-0.240391	0.532841	0.043351	5.600000
-0.592323	-0.235177	0.580818	0.061782	5.700000
-0.531814	-0.228035	0.629746	0.081991	5.800000
-0.466374	-0.218779	0.679022	0.104113	5.900000
-0.396009	-0.207212	0.727566	0.128180	6.000000
-0.320861	-0.193143	0.773627	0.154025	6.100000
-0.241284	-0.176407	0.814626	0.181140	6.200000
-0.157936	-0.156915	0.847187	0.208542	6.300000
-0.071846	-0.134699	0.867603	0.234740	6.400000
0.015585	-0.109967	0.872811	0.257922	6.500000
0.102716	-0.083114	0.861552	0.276418	6.600000
0.187895	-0.054683	0.834975	0.289208	6.700000
0.269711	-0.025273	0.796192	0.296161	6.800000
0.347134	0.004549	0.749121	0.297890	6.900000
0.419535	0.034305	0.697396	0.295385	7.000000
0.486613	0.063626	0.643798	0.289680	7.100000
0.548295	0.092241	0.590183	0.281672	7.200000
0.604650	0.119960	0.537653	0.272053	7.300000
0.655825	0.146652	0.486779	0.261330	7.400000
0.702005	0.172226	0.437795	0.249855	7.500000
0.743384	0.196623	0.390734	0.237868	7.600000
0.780152	0.219800	0.345515	0.225525	7.700000
0.812487	0.241728	0.301995	0.212927	7.800000
0.840551	0.262385	0.260007	0.200133	7.900000
0.864489	0.281755	0.219374	0.187174	8.000000
0.884426	0.299820	0.179918	0.174060	8.100000
0.900472	0.316567	0.141469	0.160787	8.200000
0.912720	0.331978	0.103864	0.147341	8.300000
0.921245	0.346035	0.066949	0.133696	8.400000
0.926110	0.358717	0.030576	0.119822	8.500000
0.927360	0.369999	-0.005395	0.105680	8.600000
0.925031	0.379853	-0.041101	0.091227	8.700000
0.919140	0.388244	-0.076671	0.076411	8.800000
0.909696	0.395135	-0.112236	0.061176	8.900000
0.896693	0.400480	-0.147922	0.045456	9.000000
0.880112	0.404226	-0.183856	0.029179	9.100000
0.859922	0.406315	-0.220165	0.012261	9.200000
0.836079	0.406678	-0.256977	-0.005391	9.300000
0.808526	0.405237	-0.294418	-0.023882	9.400000
0.777195	0.401902	-0.332612	-0.043332	9.500000
0.742004	0.396571	-0.371675	-0.063875	9.600000
0.702860	0.389127	-0.411708	-0.085660	9.700000
0.659662	0.379439	-0.452784	-0.108849	9.800000
0.612304	0.367357	-0.494920	-0.133615	9.900000
0.560678	0.352716	-0.538046	-0.160123	10.000000
0.504694	0.335333	-0.581936	-0.188515	10.100000
0.444291	0.315013	-0.626126	-0.218860	10.200000
0.379469	0.291561	-0.669772	-0.251085	10.300000
0.310337	0.264796	-0.711495	-0.284855	10.400000
0.237170	0.234590	-0.749207	-0.319417	10.500000
0.160495	0.200913	-0.780074	-0.353447	10.600000
0.081156	0.163900	-0.800759	-0.384996	10.700000
0.000343	0.123913	-0.808157	-0.411711	10.800000
-0.080476	0.081558	-0.800449	-0.431397	10.900000
-0.159747	0.037634	-0.777942	-0.442721	11.000000
-0.236064	-0.006986	-0.743033	-0.445603	11.100000
-0.308353	-0.051487	-0.699299	-0.441068	11.200000
-0.375924	-0.095200	-0.650368	-0.430712	11.300000
-0.438427	-0.137629	-0.599182	-0.416181	11.400000
-0.495760	-0.178436	-0.547775	-0.398867	11.500000
-0.547982	-0.217403	-0.497384	-0.379817	11.600000
-0.595237	-0.254399	-0.448667	-0.359757	11.700000
-0.637715	-0.289354	-0.401906	-0.339169	11.800000
-0.675618	-0.322233	-0.357152	-0.318355	11.900000
-0.709146	-0.353025	-0.314332	-0.297495	12.000000
-0.738485	-0.381732	-0.273305	-0.276687	12.100000
-0.763807	-0.408363	-0.233900	-0.255976	12.200000
-0.785265	-0.432927	-0.195938	-0.235369	12.300000
-0.802994	-0.455436	-0.159240	-0.214850	12.400000
-0.817113	-0.475897	-0.123635	-0.194389	12.500000
-0.827721	-0.494314	-0.088962	-0.173942	12.600000
-0.834905	-0.510686	-0.055070	-0.153459	12.700000
-0.838735	-0.525006	-0.021816	-0.132883	12.800000
-0.839268	-0.537262	0.010934	-0.112152	12.900000
-0.836549	-0.547436	0.043306	-0.091199	13.000000
-0.830607	-0.555502	0.075423	-0.069952	13.100000
-0.821464	-0.561427	0.107400	-0.048331	13.200000
-0.809127	-0.565168	0.139353	-0.026253	13.300000
-0.793593	-0.566677	0.171391	-0.003625	13.400000
-0.774849	-0.565893	0.203624	0.019655	13.500000
-0.752869	-0.562746	0.236160	0.043697	13.600000
-0.727617	-0.557154	0.269105	0.068625	13.700000
-0.699048	-0.549021	0.302559	0.094573	13.800000
-0.667105	-0.538239	0.336616	0.121690	13.900000
-0.631724	-0.524683	0.371357	0.150136	14.000000
-0.592834	-0.508212	0.406836	0.180082	14.100000
-0.550357	-0.488667	0.443067	0.211703	14.200000
-0.504220	-0.465872	0.479992	0.245160	14.300000
-0.454359	-0.439635	0.517439	0.280580	14.400000
-0.400733	-0.409755	0.555050	0.318005	14.500000
-0.343349	-0.376034	0.592186	0.357310	14.600000
-0.282295	-0.338293	0.627791	0.398086	14.700000
-0.217791	-0.296417	0.660256	0.439464	14.800000
-0.150244	-0.250401	0.687326	0.479932	14.900000
-0.080325	-0.200430	0.706217	0.517238	15.000000
-0.009001	-0.146953	0.714088	0.548561	15.100000
0.062492	-0.090718	0.708905	0.571102	15.200000
0.132780	-0.032733	0.690310	0.582951	15.300000
0.200554	0.025872	0.659919	0.583749	15.400000
0.264764	0.084017	0.620745	0.574675	15.500000
0.324703	0.140807	0.576177	0.557832	15.600000
0.379999	0.195583	0.529138	0.535503	15.700000
0.430531	0.247908	0.481733	0.509662	15.800000
0.476346	0.297516	0.435276	0.481796	15.900000
0.517586	0.344267	0.390476	0.452926	16.000000
0.554441	0.388101	0.347645	0.423708	16.100000
0.587115	0.429008	0.306846	0.394539	16.200000
0.615810	0.467009	0.268012	0.365638	16.300000
0.640717	0.502136	0.231002	0.337113	16.400000
0.662011	0.534431	0.195645	0.308997	16.500000
0.679847	0.563935	0.161765	0.281277	16.600000
0.694364	0.590687	0.129185	0.253913	16.700000
0.705684	0.614718	0.097739	0.226847	16.800000
0.713911	0.636056	0.067272	0.200009	16.900000
0.719138	0.654720	0.037639	0.173323	17.000000
0.721439	0.670720	0.008707	0.146707	17.100000
0.720879	0.684061	-0.019646	0.120077	17.200000
0.717510	0.694736	-0.047536	0.093343	17.300000
0.711372	0.702730	-0.075072	0.066414	17.400000
0.702496	0.708019	-0.102354	0.039191	17.500000
0.690901	0.710568	-0.129480	0.011572	17.600000
0.676600	0.710333	-0.156543	-0.016550	17.700000
0.659592	0.707258	-0.183633	-0.045294	17.800000
0.639873	0.701274	-0.210834	-0.074784	17.900000
0.617426	0.692301	-0.238229	-0.105156	18.000000
0.592227	0.680243	-0.265895	-0.136558	18.100000
0.564247	0.664989	-0.293900	-0.169146	18.200000
0.533447	0.646414	-0.322299	-0.203091	18.300000
0.499787	0.624371	-0.351127	-0.238569	18.400000
0.463222	0.598700	-0.380386	-0.275758	18.500000
0.423710	0.569220	-0.410022	-0.314820	18.600000
0.381217	0.535736	-0.439895	-0.355879	18.700000
0.335731	0.498044	-0.469730	-0.398968	18.800000
0.287271	0.455942	-0.499047	-0.443957	18.900000
0.235921	0.409252	-0.527064	-0.490426	19.000000
0.181859	0.357857	-0.552588	-0.537491	19.100000
0.125404	0.301754	-0.573929	-0.583599	19.200000
0.067073	0.241137	-0.588928	-0.626371	19.300000
0.007618	0.176480	-0.595243	-0.662688	19.400000
-0.051976	0.108600	-0.590959	-0.689208	19.500000
-0.110574	0.038638	-0.575362	-0.703322	19.600000
-0.167048	-0.032065	-0.549392	-0.704085	19.700000
-0.220452	-0.102179	-0.515392	-0.692496	19.800000
-0.270127	-0.170564	-0.476301	-0.670944	19.900000
-0.315712	-0.236368	-0.434827	-0.642291	20.000000
-0.357092	-0.299022	-0.392999	-0.609130	20.100000
-0.394312	-0.358193	-0.352110	-0.573463	20.200000
-0.427514	-0.413715	-0.312865	-0.536676	20.300000
-0.456885	-0.465529	-0.275566	-0.499653	20.400000
-0.482627	-0.513645	-0.240276	-0.462917	20.500000
-0.504940	-0.558112	-0.206919	-0.426752	20.600000
-0.524011	-0.598996	-0.175355	-0.391283	20.700000
-0.540011	-0.636369	-0.145414	-0.356543	20.800000
-0.553094	-0.670304	-0.116923	-0.322502	20.900000
-0.563396	-0.700869	-0.089712	-0.289098	21.000000
-0.571036	-0.728124	-0.063624	-0.256246	21.100000
-0.576121	-0.752119	-0.038513	-0.223854	21.200000
-0.578739	-0.772895	-0.014249	-0.191818	21.300000
-0.578970	-0.790482	0.009291	-0.160036	21.400000
-0.576881	-0.804902	0.032213	-0.128400	21.500000
-0.572528	-0.816162	0.054619	-0.096802	21.600000
-0.565957	-0.824262	0.076600	-0.065131	21.700000
-0.557208	-0.829188	0.098240	-0.033274	21.800000
-0.546309	-0.830917	0.119616	-0.001115	21.900000
-0.533284	-0.829411	0.140802	0.031470	22.000000
-0.518149	-0.824623	0.161864	0.064609	22.100000
-0.500912	-0.816490	0.182866	0.098436	22.200000
-0.481576	-0.804936	0.203863	0.133098	22.300000
-0.460139	-0.789870	0.224907	0.168748	22.400000
-0.436594	-0.771186	0.246039	0.205550	22.500000
-0.410931	-0.748760	0.267289	0.243679	22.600000
-0.383137	-0.722450	0.288667	0.283312	22.700000
-0.353198	-0.692098	0.310157	0.324630	22.800000
-0.321105	-0.657524	0.331700	0.367795	22.900000
-0.286858	-0.618538	0.353176	0.412932	23.000000
-0.250470	-0.574938	0.374365	0.460082	23.100000
-0.211985	-0.526522	0.394908	0.509129	23.200000
-0.171489	-0.473112	0.414236	0.559687	23.300000
-0.129138	-0.414585	0.431501	0.610928	23.400000
-0.085188	-0.350926	0.445509	0.661370	23.500000
-0.040036	-0.282311	0.454720	0.708679	23.600000
0.005756	-0.209191	0.457407	0.749643	23.700000
0.051446	-0.132382	0.452051	0.780562	23.800000
0.096166	-0.053078	0.437924	0.798159	23.900000
0.139030	0.027250	0.415539	0.800712	24.000000
0.179274	0.107064	0.386619	0.788698	24.100000
0.216354	0.184989	0.353533	0.764487	24.200000
0.249981	0.259961	0.318591	0.731342	24.300000
0.280072	0.331258	0.283574	0.692450	24.400000
0.306695	0.398451	0.249628	0.650367	24.500000
0.329998	0.461331	0.217364	0.606904	24.600000
0.350168	0.519832	0.187027	0.563222	24.700000
0.367403	0.573976	0.158637	0.520011	24.800000
0.381896	0.623834	0.132100	0.477639	24.900000
0.393823	0.669504	0.107263	0.436269	25.000000
0.403348	0.711088	0.083956	0.395936	25.100000
0.410614	0.748691	0.062010	0.356604	25.200000
0.415750	0.782409	0.041266	0.318189	25.300000
0.418868	0.812329	0.021578	0.280586	25.400000
0.420066	0.838526	0.002815	0.243678	25.500000
0.419431	0.861064	-0.015138	0.207341	25.600000
0.417038	0.879994	-0.032386	0.171449	25.700000
0.412954	0.895354	-0.049019	0.135877	25.800000
0.407234	0.907170	-0.065118	0.100500	25.900000
0.399930	0.915454	-0.080756	0.065190	26.000000
0.391083	0.920208	-0.095997	0.029823	26.100000
0.380731	0.921418	-0.110897	-0.005731	26.200000
0.368904	0.919061	-0.125507	-0.041605	26.300000
0.355629	0.913098	-0.139871	-0.077933	26.400000
0.340930	0.903475	-0.154027	-0.114860	26.500000
0.324824	0.890126	-0.168006	-0.152533	26.600000
0.307329	0.872968	-0.181832	-0.191110	26.700000
0.288458	0.851904	-0.195520	-0.230757	26.800000
0.268225	0.826817	-0.209070	-0.271648	26.900000
0.246644	0.797574	-0.222470	-0.313959	27.000000
0.223731	0.764025	-0.235681	-0.357867	27.100000
0.199508	0.726001	-0.248634	-0.403535	27.200000
0.174004	0.683318	-0.261213	-0.451088	27.300000
0.147265	0.635783	-0.273234	-0.500579	27.400000
0.119357	0.583202	-0.284422	-0.551918	27.500000
0.090381	0.525399	-0.294367	-0.604776	27.600000
0.060484	0.462247	-0.302488	-0.658424	27.700000
0.029883	0.393714	-0.307997	-0.711529	27.800000
-0.001115	0.319941	-0.309901	-0.761929	27.900000
-0.032097	0.241329	-0.307103	-0.806524	28.000000
-0.062536	0.158636	-0.298645	-0.841499	28.100000
-0.091826	0.073029	-0.284084	-0.863084	28.200000
-0.119353	-0.013980	-0.263831	-0.868756	28.300000
-0.144592	-0.100722	-0.239185	-0.858214	28.400000
-0.167190	-0.185623	-0.211961	-0.833452	28.500000
-0.186985	-0.267413	-0.183949	-0.797874	28.600000
-0.203980	-0.345198	-0.156525	-0.755134	28.700000
-0.218289	-0.418439	-0.130537	-0.708335	28.800000
-0.230087	-0.486865	-0.106391	-0.659742	28.900000
-0.239568	-0.550388	-0.084191	-0.610840	29.000000
-0.246925	-0.609033	-0.063872	-0.562519	29.100000
-0.252342	-0.662892	-0.045287	-0.515255	29.200000
-0.255983	-0.712084	-0.028260	-0.469263	29.300000
-0.257994	-0.756744	-0.012611	-0.424596	29.400000
-0.258505	-0.797003	0.001826	-0.381211	29.500000
-0.257629	-0.832986	0.015199	-0.339013	29.600000
-0.255465	-0.864806	0.027640	-0.297877	29.700000
-0.252101	-0.892562	0.039260	-0.257666	29.800000
-0.247613	-0.916339	0.050158	-0.218237	29.900000
-0.242069	-0.936209	0.060416	-0.179446	30.000000
-0.235530	-0.952228	0.070103	-0.141152	30.100000
-0.228049	-0.964440	0.079281	-0.103215	30.200000
-0.219674	-0.972871	0.088000	-0.065496	30.300000
-0.210449	-0.977539	0.096300	-0.027859	30.400000
-0.200414	-0.978443	0.104217	0.009834	30.500000
-0.189605	-0.975572	0.111778	0.047719	30.600000
-0.178058	-0.968899	0.119003	0.085938	30.700000
-0.165805	-0.958384	0.125905	0.124636	30.800000
-0.152877	-0.943972	0.132489	0.163963	30.900000
-0.139307	-0.925592	0.138753	0.204074	31.000000
-0.125126	-0.903157	0.144684	0.245132	31.100000
-0.110370	-0.876565	0.150257	0.287305	31.200000
-0.095075	-0.845696	0.155431	0.330765	31.300000
-0.079284	-0.810412	0.160147	0.375682	31.400000
-0.063046	-0.770560	0.164320	0.422213	31.500000
-0.046420	-0.725970	0.167830	0.470483	31.600000
-0.029480	-0.676463	0.170513	0.520553	31.700000
-0.012317	-0.621859	0.172145	0.572366	31.800000
0.004949	-0.561990	0.172429	0.625653	31.900000
0.022169	-0.496728	0.170978	0.679805	32.000000
0.039145	-0.426029	0.167313	0.733676	32.100000
0.055631	-0.349993	0.160886	0.785367	32.200000
0.071322	-0.268956	0.151164	0.832047	32.300000
0.085864	-0.183584	0.137790	0.870027	32.400000
0.098880	-0.094950	0.120807	0.895319	32.500000
0.110025	-0.004520	0.100837	0.904739	32.600000
0.119048	0.085997	0.079049	0.897103	32.700000
0.125835	0.174900	0.056860	0.873722	32.800000
0.130420	0.260742	0.035540	0.837809	32.900000
0.132943	0.342462	0.015945	0.793275	33.000000
0.133609	0.419397	-0.001520	0.743683	33.100000
0.132639	0.491199	-0.016789	0.691752	33.200000
0.130251	0.557747	-0.029994	0.639311	33.300000
0.126641	0.619061	-0.041356	0.587476	33.400000
0.121980	0.675242	-0.051115	0.536853	33.500000
0.116418	0.726432	-0.059497	0.487723	33.600000
0.110081	0.772787	-0.066702	0.440166	33.700000
0.103077	0.814465	-0.072898	0.394144	33.800000
0.095501	0.851616	-0.078225	0.349551	33.900000
0.087432	0.884375	-0.082797	0.306250	34.000000
0.078942	0.912866	-0.086708	0.264086	34.100000
0.070091	0.937193	-0.090031	0.222902	34.200000
0.060935	0.957446	-0.092827	0.182538	34.300000
0.051525	0.973700	-0.095142	0.142841	34.400000
0.041907	0.986014	-0.097013	0.103659	34.500000
0.032123	0.994432	-0.098465	0.064846	34.600000
0.022214	0.998983	-0.099518	0.026259	34.700000
0.012219	0.999684	-0.100181	-0.012245	34.800000
0.002177	0.996534	-0.100459	-0.050804	34.900000
-0.007873	0.989523	-0.100346	-0.089562	35.000000
-0.017892	0.978622	-0.099832	-0.128661	35.100000
-0.027839	0.963791	-0.098897	-0.168248	35.200000
-0.037671	0.944972	-0.097512	-0.208472	35.300000
-0.047342	0.922096	-0.095639	-0.249489	35.400000
-0.056799	0.895075	-0.093227	-0.291458	35.500000
-0.065987	0.863805	-0.090211	-0.334540	35.600000
-0.074841	0.828167	-0.086508	-0.378893	35.700000
-0.083289	0.788026	-0.082015	-0.424665	35.800000
-0.091244	0.743234	-0.076604	-0.471977	35.900000
-0.098609	0.693631	-0.070116	-0.520894	36.000000
-0.105268	0.639055	-0.062360	-0.571385	36.100000
-0.111082	0.579354	-0.053110	-0.623242	36.200000
-0.115890	0.514406	-0.042110	-0.675973	36.300000
-0.119504	0.444159	-0.029101	-0.728636	36.400000
-0.121710	0.368679	-0.013864	-0.779630	36.500000
-0.122276	0.288233	0.003681	-0.826496	36.600000
-0.120974	0.203380	0.023345	-0.865875	36.700000
-0.117607	0.115058	0.044528	-0.893850	36.800000
-0.112068	0.024610	0.066173	-0.906848	36.900000
-0.104373	-0.066312	0.086928	-0.902877	37.000000
-0.094682	-0.155965	0.105499	-0.882379	37.100000
-0.083273	-0.242787	0.121011	-0.848055	37.200000
-0.070480	-0.325576	0.133146	-0.803787	37.300000
-0.056644	-0.403545	0.142048	-0.753436	37.400000
-0.042071	-0.476264	0.148123	-0.700114	37.500000
-0.027019	-0.543568	0.151860	-0.645988	37.600000
-0.011699	-0.605461	0.153717	-0.592408	37.700000
0.003724	-0.662049	0.154085	-0.540127	37.800000
0.019118	-0.713487	0.153273	-0.489502	37.900000
0.034379	-0.759950	0.151522	-0.440647	38.000000
0.049423	-0.801616	0.149011	-0.393534	38.100000
0.064181	-0.838656	0.145874	-0.348055	38.200000
0.078598	-0.871227	0.142212	-0.304064	38.300000
0.092623	-0.899469	0.138094	-0.261394	38.400000
0.106216	-0.923506	0.133572	-0.219875	38.500000
0.119338	-0.943444	0.128679	-0.179339	38.600000
0.131952	-0.959374	0.123438	-0.139621	38.700000
0.144025	-0.971368	0.117859	-0.100566	38.800000
0.155524	-0.979487	0.111942	-0.062020	38.900000
0.166414	-0.983772	0.105682	-0.023838	39.000000
0.176660	-0.984254	0.099065	0.014123	39.100000
0.186227	-0.980948	0.092070	0.052002	39.200000
0.195074	-0.973854	0.084669	0.089937	39.300000
0.203161	-0.962960	0.076828	0.128066	39.400000
0.210440	-0.948241	0.068501	0.166528	39.500000
0.216861	-0.929655	0.059638	0.205465	39.600000
0.222367	-0.907148	0.050175	0.245018	39.700000
0.226896	-0.880651	0.040037	0.285335	39.800000
0.230375	-0.850081	0.029137	0.326562	39.900000
0.232723	-0.815339	0.017370	0.368840	40.000000
0.233849	-0.776313	0.004615	0.412305	40.100000
0.233646	-0.732878	-0.009267	0.457065	40.200000
0.231995	-0.684900	-0.024437	0.503187	40.300000
0.228759	-0.632240	-0.041072	0.550655	40.400000
0.223781	-0.574769	-0.059355	0.599316	40.500000
0.216888	-0.512377	-0.079459	0.648783	40.600000
0.207889	-0.445012	-0.101503	0.698306	40.700000
0.196587	-0.372716	-0.125482	0.746586	40.800000
0.182793	-0.295695	-0.151155	0.791584	40.900000
0.166356	-0.214399	-0.177904	0.830402	41.000000
0.147212	-0.129614	-0.204613	0.859446	41.100000
0.125433	-0.042510	-0.229696	0.875080	41.200000
0.101273	0.045402	-0.251371	0.874740	41.300000
0.075159	0.132438	-0.268158	0.857989	41.400000
0.047641	0.217000	-0.279316	0.826774	41.500000
0.019296	0.297793	-0.284962	0.784643	41.600000
-0.009351	0.373928	-0.285825	0.735528	41.700000
-0.037869	0.444898	-0.282890	0.682808	41.800000
-0.065929	0.510490	-0.277117	0.628937	41.900000
-0.093292	0.570686	-0.269305	0.575487	42.000000
-0.119790	0.625587	-0.260064	0.523354	42.100000
-0.145305	0.675356	-0.249832	0.472976	42.200000
-0.169756	0.720182	-0.238916	0.424508	42.300000
-0.193088	0.760258	-0.227521	0.377936	42.400000
-0.215261	0.795770	-0.215785	0.333154	42.500000
-0.236245	0.826889	-0.203792	0.290009	42.600000
-0.256019	0.853771	-0.191594	0.248330	42.700000
-0.274564	0.876555	-0.179216	0.207939	42.800000
-0.291862	0.895359	-0.166666	0.168660	42.900000
-0.307897	0.910287	-0.153937	0.130327	43.000000
-0.322650	0.921424	-0.141015	0.092778	43.100000
-0.336100	0.928842	-0.127874	0.055862	43.200000
-0.348225	0.932597	-0.114483	0.019432	43.300000
-0.358997	0.932729	-0.100804	-0.016649	43.400000
-0.368386	0.929267	-0.086793	-0.052517	43.500000
-0.376355	0.922225	-0.072397	-0.088303	43.600000
-0.382865	0.911606	-0.057561	-0.124136	43.700000
-0.387867	0.897398	-0.042217	-0.160143	43.800000
-0.391308	0.879578	-0.026292	-0.196454	43.900000
-0.393126	0.858108	-0.009701	-0.233196	44.000000
-0.393249	0.832938	0.007651	-0.270498	44.100000
-0.391596	0.804008	0.025874	-0.308489	44.200000
-0.388074	0.771241	0.045089	-0.347290	44.300000
-0.382578	0.734550	0.065434	-0.387018	44.400000
-0.374987	0.693837	0.087062	-0.427767	44.500000
-0.365165	0.648996	0.110139	-0.469595	44.600000
-0.352959	0.599918	0.134836	-0.512498	44.700000
-0.338198	0.546497	0.161317	-0.556358	44.800000
-0.320696	0.488646	0.189708	-0.600881	44.900000
-0.300257	0.426321	0.220046	-0.645482	45.000000
-0.276687	0.359550	0.252195	-0.689144	45.100000
-0.249817	0.288492	0.285717	-0.730242	45.200000
-0.219543	0.213502	0.319707	-0.766400	45.300000
-0.185876	0.135212	0.352659	-0.794528	45.400000
-0.149011	0.054596	0.382489	-0.811229	45.500000
-0.109378	-0.027034	0.406865	-0.813697	45.600000
-0.067638	-0.108143	0.423846	-0.800786	45.700000
-0.024609	-0.187191	0.432512	-0.773597	45.800000
0.018864	-0.262863	0.433179	-0.735088	45.900000
0.062027	-0.334209	0.427086	-0.688994	46.000000
0.104281	-0.400662	0.415844	-0.638778	46.100000
0.145196	-0.461964	0.400987	-0.587082	46.200000
0.184479	-0.518078	0.383758	-0.535654	46.300000
0.221947	-0.569095	0.365066	-0.485510	46.400000
0.257492	-0.615180	0.345535	-0.437163	46.500000
0.291054	-0.656528	0.325569	-0.390803	46.600000
0.322606	-0.693341	0.305422	-0.346433	46.700000
0.352138	-0.725814	0.285242	-0.303951	46.800000
0.379654	-0.754131	0.265108	-0.263203	46.900000
0.405160	-0.778455	0.245052	-0.224015	47.000000
0.428664	-0.798934	0.225075	-0.186206	47.100000
0.450175	-0.815696	0.205157	-0.149600	47.200000
0.469696	-0.828854	0.185267	-0.114029	47.300000
0.487228	-0.838502	0.165359	-0.079334	47.400000
0.502768	-0.844721	0.145384	-0.045367	47.500000
0.516305	-0.847575	0.125286	-0.011987	47.600000
0.527825	-0.847118	0.105001	0.020938	47.700000
0.537305	-0.843388	0.084464	0.053534	47.800000
0.544718	-0.836411	0.063602	0.085921	47.900000
0.550026	-0.826203	0.042335	0.118217	48.000000
0.553185	-0.812768	0.020579	0.150536	48.100000
0.554141	-0.796096	-0.001761	0.182989	48.200000
0.552833	-0.776170	-0.024787	0.215687	48.300000
0.549184	-0.752959	-0.048613	0.248739	48.400000
0.543110	-0.726422	-0.073364	0.282250	48.500000
0.534511	-0.696509	-0.099178	0.316323	48.600000
0.523274	-0.663158	-0.126207	0.351050	48.700000
0.509270	-0.626299	-0.154615	0.386504	48.800000
0.492352	-0.585857	-0.184573	0.422733	48.900000
0.472355	-0.541752	-0.216254	0.459731	49.000000
0.449101	-0.493911	-0.249814	0.497407	49.100000
0.422393	-0.442271	-0.285357	0.535533	49.200000
0.392029	-0.386804	-0.322884	0.573664	49.300000
0.357816	-0.327538	-0.362199	0.611024	49.400000
0.319590	-0.264599	-0.402767	0.646366	49.500000
0.277262	-0.198265	-0.443538	0.677834	49.600000
0.230882	-0.129032	-0.482775	0.702929	49.700000
0.180707	-0.057679	-0.518027	0.718728	49.800000
0.127277	0.014713	-0.546435	0.722523	49.900000
0.071420	0.086825	-0.565440	0.712758	50.000000
0.014189	0.157265	-0.573639	0.689775	50.100000
-0.043307	0.224780	-0.571228	0.655799	50.200000
-0.100057	0.288425	-0.559756	0.614123	50.300000
-0.155258	0.347605	-0.541415	0.568075	50.400000
-0.208340	0.402040	-0.518374	0.520336	50.500000
-0.258933	0.451672	-0.492411	0.472740	50.600000
-0.306822	0.496587	-0.464817	0.426379	50.700000
-0.351897	0.536948	-0.436464	0.381812	50.800000
-0.394115	0.572950	-0.407899	0.339255	50.900000
-0.433477	0.604799	-0.379445	0.298719	51.000000
-0.470004	0.632694	-0.351279	0.260108	51.100000
-0.503732	0.656820	-0.323478	0.223268	51.200000
-0.534700	0.677347	-0.296061	0.188024	51.300000
-0.562945	0.694425	-0.269007	0.154198	51.400000
-0.588501	0.708187	-0.242269	0.121617	51.500000
-0.611398	0.718749	-0.215788	0.090117	51.600000
-0.631659	0.726210	-0.189494	0.059546	51.700000
-0.649297	0.730658	-0.163311	0.029762	51.800000
-0.664321	0.732163	-0.137157	0.000634	51.900000
-0.676729	0.730785	-0.110949	-0.027958	52.000000
-0.686511	0.726571	-0.084598	-0.056129	52.100000
-0.693648	0.719559	-0.058012	-0.083986	52.200000
-0.698113	0.709774	-0.031093	-0.111631	52.300000
-0.699867	0.697233	-0.003739	-0.139160	52.400000
-0.698861	0.681942	0.024162	-0.166667	52.500000
-0.695035	0.663899	0.052726	-0.194242	52.600000
-0.688316	0.643094	0.082082	-0.221971	52.700000
-0.678618	0.619505	0.112368	-0.249938	52.800000
-0.665842	0.593106	0.143733	-0.278217	52.900000
-0.649872	0.563862	0.176339	-0.306878	53.000000
-0.630574	0.531730	0.210359	-0.335970	53.100000
-0.607800	0.496667	0.245968	-0.365522	53.200000
-0.581381	0.458626	0.283343	-0.395521	53.300000
-0.551131	0.417563	0.322636	-0.425889	53.400000
-0.516853	0.373448	0.363948	-0.456446	53.500000
-0.478342	0.326274	0.407271	-0.486853	53.600000
-0.435399	0.276078	0.452396	-0.516529	53.700000
-0.387863	0.222968	0.498774	-0.544550	53.800000
-0.335645	0.167168	0.545325	-0.569533	53.900000
-0.278798	0.109062	0.590241	-0.589577	54.000000
-0.217596	0.049252	0.630885	-0.602365	54.100000
-0.152621	-0.011412	0.664007	-0.605572	54.200000
-0.084795	-0.071862	0.686431	-0.597579	54.300000
-0.015334	-0.130927	0.696062	-0.578212	54.400000
0.054417	-0.187505	0.692645	-0.548980	54.500000
0.123195	-0.240723	0.677732	-0.512570	54.600000
0.189964	-0.290019	0.653943	-0.471961	54.700000
0.253983	-0.335115	0.624065	-0.429689	54.800000
0.314777	-0.375956	0.590470	-0.387547	54.900000
0.372077	-0.412625	0.554914	-0.346625	55.000000
0.425760	-0.445281	0.518576	-0.307479	55.100000
0.475792	-0.474121	0.482194	-0.270324	55.200000
0.522198	-0.499346	0.446192	-0.235167	55.300000
0.565031	-0.521154	0.410789	-0.201909	55.400000
0.604356	-0.539728	0.376077	-0.170395	55.500000
0.640246	-0.555233	0.342062	-0.140453	55.600000
0.672769	-0.567818	0.308706	-0.111909	55.700000
0.701987	-0.577615	0.275938	-0.084597	55.800000
0.727956	-0.584738	0.243674	-0.058362	55.900000
0.750722	-0.589287	0.211817	-0.033063	56.000000
0.770320	-0.591350	0.180268	-0.008570	56.100000
0.786776	-0.591001	0.148923	0.015234	56.200000
0.800104	-0.588303	0.117677	0.038458	56.300000
0.810311	-0.583310	0.086421	0.061198	56.400000
0.817389	-0.576064	0.055047	0.083546	56.500000
0.821320	-0.566600	0.023440	0.105585	56.600000
0.822077	-0.554947	-0.008518	0.127393	56.700000
0.819617	-0.541122	-0.040948	0.149043	56.800000
0.813887	-0.525138	-0.073981	0.170601	56.900000
0.804821	-0.507002	-0.107755	0.192132	57.000000
0.792336	-0.486712	-0.142416	0.213692	57.100000
0.776337	-0.464263	-0.178123	0.235331	57.200000
0.756712	-0.439646	-0.215042	0.257089	57.300000
0.733329	-0.412846	-0.253348	0.278993	57.400000
0.706042	-0.383847	-0.293223	0.301048	57.500000
0.674685	-0.352636	-0.334841	0.323228	57.600000
0.639074	-0.319202	-0.378357	0.345456	57.700000
0.599013	-0.283545	-0.423874	0.367583	57.800000
0.554299	-0.245685	-0.471391	0.389345	57.900000
0.504735	-0.205676	-0.520719	0.410313	58.000000
0.450155	-0.163622	-0.571344	0.429818	58.100000
0.390466	-0.119712	-0.622246	0.446877	58.200000
0.325706	-0.074247	-0.671676	0.460139	58.300000
0.256131	-0.027684	-0.716998	0.467923	58.400000
0.182307	0.019338	-0.754779	0.468466	58.500000
0.105175	0.066009	-0.781364	0.460405	58.600000
0.026034	0.111419	-0.793917	0.443380	58.700000
-0.053608	0.154685	-0.791465	0.418358	58.800000
-0.132259	0.195090	-0.775215	0.387398	58.900000
-0.208651	0.232164	-0.747948	0.352966	59.000000
-0.281849	0.265683	-0.712959	0.317267	59.100000
-0.351243	0.295618	-0.673220	0.281901	59.200000
-0.416493	0.322064	-0.631005	0.247840	59.300000
-0.477444	0.345186	-0.587862	0.215568	59.400000
-0.534065	0.365177	-0.544764	0.185250	59.500000
-0.586397	0.382236	-0.502269	0.156865	59.600000
-0.634519	0.396550	-0.460660	0.130295	59.700000
-0.678529	0.408295	-0.420052	0.105383	59.800000
-0.718529	0.417627	-0.380452	0.081955	59.900000
-0.754619	0.424686	-0.341804	0.059844	60.000000
-0.786890	0.429596	-0.304021	0.038895	60.100000
-0.815423	0.432465	-0.266992	0.018965	60.200000
-0.840289	0.433389	-0.230600	-0.000072	60.300000
-0.861543	0.432450	-0.194721	-0.018331	60.400000
-0.879233	0.429722	-0.159232	-0.035911	60.500000
-0.893390	0.425268	-0.124009	-0.052903	60.600000
-0.904035	0.419142	-0.088927	-0.069386	60.700000
-0.911175	0.411391	-0.053861	-0.085430	60.800000
-0.914807	0.402056	-0.018685	-0.101101	60.900000
-0.914912	0.391171	0.016731	-0.116453	61.000000
-0.911461	0.378765	0.052517	-0.131538	61.100000
-0.904409	0.364863	0.088813	-0.146399	61.200000
-0.893698	0.349485	0.125763	-0.161075	61.300000
-0.879256	0.332648	0.163517	-0.175596	61.400000
-0.860995	0.314366	0.202236	-0.189985	61.500000
-0.838809	0.294651	0.242089	-0.204256	61.600000
-0.812577	0.273515	0.283250	-0.218408	61.700000
-0.782159	0.250970	0.325899	-0.232422	61.800000
-0.747397	0.227030	0.370208	-0.246253	61.900000
-0.708117	0.201719	0.416333	-0.259819	62.000000
-0.664130	0.175067	0.464379	-0.272985	62.100000
-0.615241	0.147122	0.514361	-0.285537	62.200000
-0.561258	0.117959	0.566124	-0.297153	62.300000
-0.502016	0.087691	0.619221	-0.307361	62.400000
-0.437414	0.056487	0.672744	-0.315494	62.500000
-0.367468	0.024593	0.725100	-0.320660	62.600000
-0.292394	-0.007645	0.773808	-0.321772	62.700000
-0.212706	-0.039762	0.815477	-0.317693	62.800000
-0.129298	-0.071183	0.846204	-0.307539	62.900000
-0.043465	-0.101270	0.862525	-0.291093	63.000000
0.043207	-0.129402	0.862628	-0.269074	63.100000
0.129060	-0.155084	0.847061	-0.243034	63.200000
0.212619	-0.178009	0.818429	-0.214880	63.300000
0.292746	-0.198060	0.780322	-0.186342	63.400000
0.368683	-0.215277	0.736242	-0.158662	63.500000
0.439994	-0.229793	0.688988	-0.132557	63.600000
0.506481	-0.241789	0.640526	-0.108339	63.700000
0.568100	-0.251461	0.592102	-0.086060	63.800000
0.624901	-0.259001	0.544439	-0.065626	63.900000
0.676987	-0.264586	0.497908	-0.046883	64.000000
0.724483	-0.268377	0.452659	-0.029653	64.100000
0.767519	-0.270517	0.408706	-0.013761	64.200000
0.806224	-0.271129	0.365987	0.000955	64.300000
0.840717	-0.270326	0.324397	0.014639	64.400000
0.871103	-0.268202	0.283807	0.027416	64.500000
0.897478	-0.264842	0.244078	0.039397	64.600000
0.919919	-0.260322	0.205068	0.050674	64.700000
0.938491	-0.254707	0.166635	0.061329	64.800000
0.953246	-0.248056	0.128640	0.071430	64.900000
0.964220	-0.240422	0.090944	0.081034	65.000000
0.971435	-0.231850	0.053411	0.090193	65.100000
0.974902	-0.222383	0.015903	0.098947	65.200000
0.974616	-0.212060	-0.021714	0.107329	65.300000
0.970559	-0.200917	-0.059581	0.115367	65.400000
0.962699	-0.188987	-0.097838	0.123081	65.500000
0.950991	-0.176301	-0.136632	0.130483	65.600000
0.935373	-0.162890	-0.176115	0.137579	65.700000
0.915768	-0.148785	-0.216444	0.144364	65.800000
0.892084	-0.134017	-0.257786	0.150824	65.900000
0.864211	-0.118620	-0.300311	0.156933	66.000000
0.832022	-0.102631	-0.344190	0.162645	66.100000
0.795373	-0.086091	-0.389592	0.167897	66.200000
0.754104	-0.069052	-0.436667	0.172592	66.300000
0.708040	-0.051573	-0.485524	0.176600	66.400000
0.656999	-0.033732	-0.536192	0.179736	66.500000
0.600801	-0.015625	-0.588554	0.181751	66.600000
0.539288	0.002619	-0.642243	0.182311	66.700000
0.472353	0.020837	-0.696488	0.180982	66.800000
0.399990	0.038815	-0.749908	0.177235	66.900000
0.322371	0.056284	-0.800288	0.170477	67.000000
0.239933	0.072911	-0.844470	0.160166	67.100000
0.153477	0.088317	-0.878567	0.146001	67.200000
0.064219	0.102111	-0.898728	0.128158	67.300000
-0.026268	0.113948	-0.902356	0.107434	67.400000
-0.116252	0.123598	-0.889145	0.085127	67.500000
-0.204097	0.130974	-0.861182	0.062678	67.600000
-0.288488	0.136133	-0.822058	0.041282	67.700000
-0.368509	0.139230	-0.775641	0.021689	67.800000
-0.443616	0.140471	-0.725214	0.004219	67.900000
-0.513552	0.140074	-0.673167	-0.011112	68.000000
-0.578250	0.138248	-0.621051	-0.024454	68.100000
-0.637762	0.135183	-0.569778	-0.036026	68.200000
-0.692205	0.131043	-0.519824	-0.046057	68.300000
-0.741727	0.125972	-0.471389	-0.054762	68.400000
-0.786483	0.120091	-0.424506	-0.062329	68.500000
-0.826628	0.113506	-0.379110	-0.068917	68.600000
-0.862305	0.106307	-0.335083	-0.074658	68.700000
-0.893645	0.098574	-0.292282	-0.079661	68.800000
-0.920762	0.090375	-0.250552	-0.084013	68.900000
-0.943755	0.081772	-0.209735	-0.087787	69.000000
-0.962709	0.072818	-0.169675	-0.091040	69.100000
-0.977690	0.063564	-0.130219	-0.093816	69.200000
-0.988752	0.054055	-0.091218	-0.096151	69.300000
-0.995934	0.044334	-0.052528	-0.098070	69.400000
-0.999258	0.034441	-0.014006	-0.099592	69.500000
-0.998735	0.024415	0.024488	-0.100725	69.600000
-0.994360	0.014296	0.063096	-0.101474	69.700000
-0.986116	0.004120	0.101958	-0.101834	69.800000
-0.973969	-0.006071	0.141221	-0.101792	69.900000
-0.957872	-0.016238	0.181031	-0.101329	70.000000
-0.937762	-0.026337	0.221542	-0.100415	70.100000
-0.913563	-0.036321	0.262909	-0.099009	70.200000
-0.885180	-0.046139	0.305296	-0.097058	70.300000
-0.852504	-0.055733	0.348862	-0.094495	70.400000
-0.815408	-0.065038	0.393766	-0.091231	70.500000
-0.773751	-0.073979	0.440150	-0.087158	70.600000
-0.727378	-0.082469	0.488120	-0.082138	70.700000
-0.676127	-0.090406	0.537716	-0.076002	70.800000
-0.619835	-0.097670	0.588858	-0.068545	70.900000
-0.558355	-0.104115	0.641254	-0.059524	71.000000
-0.491584	-0.109574	0.694277	-0.048669	71.100000
-0.419500	-0.113849	0.746778	-0.035709	71.200000
-0.342228	-0.116716	0.796868	-0.020432	71.300000
-0.260126	-0.117936	0.841759	-0.002793	71.400000
-0.173877	-0.117275	0.877817	0.016942	71.500000
-0.084563	-0.114547	0.901106	0.038068	71.600000
0.006344	-0.109661	0.908461	0.059441	71.700000
0.097129	-0.102659	0.898690	0.079702	71.800000
0.186082	-0.093721	0.873108	0.097654	71.900000
0.271751	-0.083128	0.834975	0.112566	72.000000
0.353078	-0.071208	0.788287	0.124245	72.100000
0.429408	-0.058279	0.736691	0.132895	72.200000
0.500416	-0.044629	0.682966	0.138925	72.300000
0.566002	-0.030494	0.628972	0.142791	72.400000
0.626210	-0.016070	0.575823	0.144914	72.500000
0.681166	-0.001512	0.524115	0.145644	72.600000
0.731033	0.013058	0.474110	0.145262	72.700000
0.775988	0.027541	0.425862	0.143982	72.800000
0.816206	0.041855	0.379314	0.141969	72.900000
0.851851	0.055935	0.334340	0.139345	73.000000
0.883074	0.069724	0.290788	0.136200	73.100000
0.910008	0.083175	0.248488	0.132601	73.200000
0.932771	0.096244	0.207273	0.128594	73.300000
0.951463	0.108894	0.166975	0.124211	73.400000
0.966166	0.121086	0.127434	0.119473	73.500000
0.976950	0.132788	0.088493	0.114387	73.600000
0.983865	0.143964	0.050003	0.108957	73.700000
0.986950	0.154579	0.011821	0.103174	73.800000
0.986229	0.164599	-0.026197	0.097024	73.900000
0.981711	0.173984	-0.064188	0.090487	74.000000
0.973391	0.182696	-0.102292	0.083534	74.100000
0.961253	0.190691	-0.140646	0.076130	74.200000
0.945262	0.197922	-0.179392	0.068229	74.300000
0.925374	0.204337	-0.218672	0.059778	74.400000
0.901528	0.209878	-0.258631	0.050713	74.500000
0.873648	0.214479	-0.299418	0.040956	74.600000
0.841644	0.218069	-0.341178	0.030416	74.700000
0.805412	0.220563	-0.384054	0.018987	74.800000
0.764834	0.221866	-0.428175	0.006541	74.900000
0.719777	0.221871	-0.473641	-0.007068	75.000000
0.670105	0.220453	-0.520496	-0.022004	75.100000
0.615678	0.217470	-0.568686	-0.038449	75.200000
0.556368	0.212763	-0.617989	-0.056591	75.300000
0.492080	0.206152	-0.667910	-0.076595	75.400000
0.422786	0.197444	-0.717524	-0.098562	75.500000
0.348576	0.186440	-0.765288	-0.122441	75.600000
0.269729	0.172956	-0.808852	-0.147910	75.700000
0.186805	0.156858	-0.845016	-0.174231	75.800000
0.100725	0.138109	-0.870047	-0.200165	75.900000
0.012796	0.116825	-0.880526	-0.224063	76.000000
-0.075380	0.093297	-0.874530	-0.244219	76.100000
-0.162110	0.067981	-0.852490	-0.259373	76.200000
-0.245878	0.041422	-0.817049	-0.269061	76.300000
-0.325520	0.014169	-0.772039	-0.273597	76.400000
-0.400285	-0.013297	-0.721283	-0.273782	76.500000
-0.469777	-0.040588	-0.667858	-0.270569	76.600000
-0.533857	-0.067411	-0.613900	-0.264834	76.700000
-0.592557	-0.093555	-0.560722	-0.257289	76.800000
-0.646002	-0.118869	-0.509041	-0.248465	76.900000
-0.694365	-0.143248	-0.459183	-0.238746	77.000000
-0.737838	-0.166618	-0.411233	-0.228395	77.100000
-0.776612	-0.188927	-0.365142	-0.217593	77.200000
-0.810867	-0.210136	-0.320786	-0.206457	77.300000
-0.840769	-0.230218	-0.278002	-0.195061	77.400000
-0.866467	-0.249149	-0.236617	-0.183449	77.500000
-0.888092	-0.266908	-0.196453	-0.171643	77.600000
-0.905758	-0.283477	-0.157339	-0.159647	77.700000
-0.919560	-0.298837	-0.119108	-0.147455	77.800000
-0.929579	-0.312968	-0.081602	-0.135049	77.900000
-0.935880	-0.325847	-0.044672	-0.122405	78.000000
-0.938514	-0.337449	-0.008175	-0.109491	78.100000
-0.937515	-0.347745	0.028028	-0.096269	78.200000
-0.932908	-0.356703	0.064071	-0.082694	78.300000
-0.924701	-0.364284	0.100085	-0.068715	78.400000
-0.912891	-0.370446	0.136198	-0.054274	78.500000
-0.897461	-0.375139	0.172541	-0.039303	78.600000
-0.878383	-0.378306	0.209243	-0.023728	78.700000
-0.855613	-0.379884	0.246434	-0.007461	78.800000
-0.829096	-0.379799	0.284243	0.009595	78.900000
-0.798764	-0.377965	0.322799	0.027551	79.000000
-0.764536	-0.374288	0.362226	0.046534	79.100000
-0.726319	-0.368659	0.402635	0.066685	79.200000
-0.684009	-0.360951	0.444112	0.088161	79.300000
-0.637497	-0.351026	0.486700	0.111129	79.400000
-0.586669	-0.338726	0.530362	0.135762	79.500000
-0.531424	-0.323874	0.574931	0.162215	79.600000
-0.471683	-0.306282	0.620022	0.190598	79.700000
-0.407420	-0.285754	0.664916	0.220909	79.800000
-0.338700	-0.262101	0.708393	0.252939	79.900000
-0.265741	-0.235167	0.748562	0.286131	80.000000
-0.188987	-0.204874	0.782752	0.319418	80.100000
-0.109190	-0.171283	0.807665	0.351122	80.200000
-0.027455	-0.134650	0.819956	0.379066	80.300000
0.054801	-0.095470	0.817266	0.401013	80.400000
0.135999	-0.054447	0.799211	0.415335	80.500000
0.214643	-0.012403	0.767643	0.421534	80.600000
0.289527	0.029859	0.725951	0.420259	80.700000
0.359833	0.071649	0.677892	0.412887	80.800000
0.425106	0.112437	0.626695	0.400991	80.900000
0.485172	0.151847	0.574693	0.385978	81.000000
0.540044	0.189632	0.523364	0.368945	81.100000
0.589845	0.225636	0.473532	0.350679	81.200000
0.634751	0.259768	0.425582	0.331709	81.300000
0.674961	0.291978	0.379632	0.312380	81.400000
0.710677	0.322244	0.335641	0.292902	81.500000
0.742090	0.350558	0.293488	0.273396	81.600000
0.769375	0.376923	0.253008	0.253926	81.700000
0.792691	0.401344	0.214024	0.234514	81.800000
0.812179	0.423826	0.176356	0.215155	81.900000
0.827962	0.444375	0.139830	0.195826	82.000000
0.840145	0.462991	0.104281	0.176495	82.100000
0.848819	0.479674	0.069554	0.157116	82.200000
0.854056	0.494415	0.035501	0.137640	82.300000
0.855919	0.507202	0.001984	0.118009	82.400000
0.854453	0.518016	-0.031126	0.098164	82.500000
0.849693	0.526834	-0.063956	0.078035	82.600000
0.841662	0.533623	-0.096625	0.057551	82.700000
0.830368	0.538344	-0.129251	0.036632	82.800000
0.815812	0.540950	-0.161949	0.015192	82.900000
0.797979	0.541383	-0.194830	-0.006864	83.000000
0.776846	0.539577	-0.228007	-0.029642	83.100000
0.752377	0.535454	-0.261590	-0.053257	83.200000
0.724528	0.528926	-0.295685	-0.077837	83.300000
0.693240	0.519887	-0.330393	-0.103524	83.400000
0.658449	0.508221	-0.365804	-0.130472	83.500000
0.620080	0.493793	-0.401987	-0.158848	83.600000
0.578052	0.476451	-0.438975	-0.188824	83.700000
0.532285	0.456028	-0.476739	-0.220570	83.800000
0.482704	0.432337	-0.515149	-0.254231	83.900000
0.429255	0.405182	-0.553911	-0.289886	84.000000
0.371922	0.374360	-0.592476	-0.327486	84.100000
0.310760	0.339684	-0.629909	-0.366748	84.200000
0.245940	0.301010	-0.664750	-0.406996	84.300000
0.177810	0.258285	-0.694884	-0.446984	84.400000
0.106963	0.211614	-0.717583	-0.484750	84.500000
0.034293	0.161335	-0.729867	-0.517687	84.600000
-0.039010	0.108076	-0.729282	-0.542981	84.700000
-0.111563	0.052739	-0.714866	-0.558416	84.800000
-0.181983	-0.003607	-0.687672	-0.563130	84.900000
-0.249098	-0.059887	-0.650441	-0.557826	85.000000
-0.312072	-0.115172	-0.606617	-0.544315	85.100000
-0.370421	-0.168750	-0.559383	-0.524797	85.200000
-0.423948	-0.220132	-0.511149	-0.501288	85.300000
-0.472651	-0.269008	-0.463487	-0.475365	85.400000
-0.516645	-0.315204	-0.417291	-0.448145	85.500000
-0.556109	-0.358637	-0.372989	-0.420363	85.600000
-0.591243	-0.399277	-0.330718	-0.392475	85.700000
-0.622253	-0.437132	-0.290444	-0.364743	85.800000
-0.649332	-0.472226	-0.252050	-0.337307	85.900000
-0.672662	-0.504593	-0.215370	-0.310222	86.000000
-0.692406	-0.534270	-0.180229	-0.283491	86.100000
-0.708708	-0.561291	-0.146448	-0.257087	86.200000
-0.721696	-0.585688	-0.113856	-0.230962	86.300000
-0.731479	-0.607484	-0.082293	-0.205052	86.400000
-0.738154	-0.626698	-0.051608	-0.179289	86.500000
-0.741801	-0.643341	-0.021665	-0.153596	86.600000
-0.742487	-0.657417	0.007667	-0.127894	86.700000
-0.740268	-0.668920	0.036507	-0.102098	86.800000
-0.735186	-0.677837	0.064968	-0.076120	86.900000
-0.727274	-0.684144	0.093156	-0.049868	87.000000
-0.716555	-0.687810	0.121173	-0.023245	87.100000
-0.703040	-0.688793	0.149115	0.003854	87.200000
-0.686732	-0.687040	0.177078	0.031540	87.300000
-0.667624	-0.682485	0.205151	0.059933	87.400000
-0.645701	-0.675053	0.233422	0.089163	87.500000
-0.620940	-0.664653	0.261974	0.119370	87.600000
-0.593307	-0.651179	0.290883	0.150709	87.700000
-0.562763	-0.634511	0.320213	0.183343	87.800000
-0.529264	-0.614510	0.350012	0.217446	87.900000
-0.492761	-0.591022	0.380298	0.253195	88.000000
-0.453204	-0.563871	0.411041	0.290761	88.100000
-0.410552	-0.532870	0.442133	0.330285	88.200000
-0.364778	-0.497814	0.473347	0.371840	88.300000
-0.315883	-0.458502	0.504266	0.415365	88.400000
-0.263925	-0.414741	0.534195	0.460558	88.500000
-0.209044	-0.366390	0.562044	0.506722	88.600000
-0.151516	-0.313397	0.586227	0.552561	88.700000
-0.091799	-0.255878	0.604634	0.596001	88.800000
-0.030589	-0.194197	0.614834	0.634177	88.900000
0.031168	-0.129042	0.614611	0.663796	89.000000
0.092333	-0.061438	0.602749	0.681970	89.100000
0.151718	0.007352	0.579667	0.687207	89.200000
0.208267	0.076004	0.547394	0.679917	89.300000
0.261197	0.143335	0.508859	0.662096	89.400000
0.310038	0.208423	0.466987	0.636472	89.500000
0.354594	0.270629	0.424102	0.605692	89.600000
0.394859	0.329561	0.381765	0.571888	89.700000
0.430947	0.385007	0.340875	0.536584	89.800000
0.463034	0.436878	0.301862	0.500777	89.900000
0.491319	0.485162	0.264861	0.465076	90.000000
0.516006	0.529893	0.229839	0.429821	90.100000
0.537287	0.571127	0.196674	0.395181	90.200000
0.555341	0.608929	0.165204	0.361215	90.300000
0.570328	0.643370	0.135253	0.327913	90.400000
0.582392	0.674512	0.106650	0.295225	90.500000
0.591658	0.702415	0.079230	0.263078	90.600000
0.598238	0.727128	0.052843	0.231385	90.700000
0.602227	0.748692	0.027348	0.200050	90.800000
0.603707	0.767138	0.002621	0.168974	90.900000
0.602751	0.782486	-0.021455	0.138053	91.000000
0.599416	0.794748	-0.044985	0.107184	91.100000
0.593754	0.803923	-0.068067	0.076260	91.200000
0.585803	0.810000	-0.090789	0.045171	91.300000
0.575596	0.812957	-0.113235	0.013803	91.400000
0.563156	0.812761	-0.135483	-0.017962	91.500000
0.548499	0.809365	-0.157606	-0.050248	91.600000
0.531635	0.802711	-0.179671	-0.083185	91.700000
0.512565	0.792728	-0.201742	-0.116916	91.800000
0.491286	0.779328	-0.223876	-0.151588	91.900000
0.467790	0.762410	-0.246123	-0.187363	92.000000
0.442062	0.741856	-0.268520	-0.224410	92.100000
0.414086	0.717528	-0.291091	-0.262907	92.200000
0.383844	0.689274	-0.313833	-0.303033	92.300000
0.351319	0.656922	-0.336709	-0.344960	92.400000
0.316502	0.620282	-0.359619	-0.388830	92.500000
0.279395	0.579156	-0.382382	-0.434719	92.600000
0.240026	0.533338	-0.404678	-0.482575	92.700000
0.198460	0.482641	-0.425998	-0.532119	92.800000
0.154826	0.426915	-0.445559	-0.582691	92.900000
0.109348	0.366102	-0.462228	-0.633053	93.000000
0.062380	0.300304	-0.474491	-0.681171	93.100000
0.014449	0.229868	-0.480550	-0.724118	93.200000
-0.033730	0.155480	-0.478660	-0.758316	93.300000
-0.081282	0.078205	-0.467700	-0.780285	93.400000
-0.127270	-0.000577	-0.447740	-0.787762	93.500000
-0.170830	-0.079347	-0.420193	-0.780547	93.600000
-0.211308	-0.156686	-0.387383	-0.760488	93.700000
-0.248307	-0.231445	-0.351793	-0.730631	93.800000
-0.281667	-0.302812	-0.315484	-0.694197	93.900000
-0.311404	-0.370284	-0.279863	-0.653906	94.000000
-0.337640	-0.433594	-0.245737	-0.611747	94.100000
-0.360551	-0.492634	-0.213480	-0.569039	94.200000
-0.380336	-0.547401	-0.183190	-0.526583	94.300000
-0.397189	-0.597951	-0.154810	-0.484828	94.400000
-0.411298	-0.644367	-0.128205	-0.443988	94.500000
-0.422830	-0.686748	-0.103212	-0.404135	94.600000
-0.431940	-0.725194	-0.079658	-0.365253	94.700000
-0.438762	-0.759799	-0.057378	-0.327275	94.800000
-0.443416	-0.790649	-0.036220	-0.290106	94.900000
-0.446006	-0.817820	-0.016046	-0.253634	95.000000
-0.446625	-0.841376	0.003270	-0.217742	95.100000
-0.445352	-0.861368	0.021837	-0.182307	95.200000
-0.442257	-0.877837	0.039753	-0.147206	95.300000
-0.437401	-0.890810	0.057107	-0.112318	95.400000
-0.430836	-0.900301	0.073978	-0.077519	95.500000
-0.422606	-0.906313	0.090434	-0.042684	95.600000
-0.412749	-0.908837	0.106540	-0.007687	95.700000
-0.401298	-0.907851	0.122351	0.027601	95.800000
-0.388279	-0.903317	0.137917	0.063312	95.900000
-0.373714	-0.895188	0.153283	0.099587	96.000000
-0.357622	-0.883400	0.168487	0.136572	96.100000
-0.340017	-0.867874	0.183559	0.174421	96.200000
-0.320911	-0.848516	0.198522	0.213295	96.300000
-0.300313	-0.825215	0.213386	0.253368	96.400000
-0.278233	-0.797842	0.228149	0.294814	96.500000
-0.254683	-0.766252	0.242786	0.337813	96.600000
-0.229676	-0.730280	0.257243	0.382536	96.700000
-0.203234	-0.689745	0.271423	0.429123	96.800000
-0.175391	-0.644455	0.285167	0.477659	96.900000
-0.146201	-0.594213	0.298227	0.528110	97.000000
-0.115746	-0.538833	0.310227	0.580240	97.100000
-0.084156	-0.478165	0.320621	0.633467	97.200000
-0.051622	-0.412139	0.328645	0.686677	97.300000
-0.018426	-0.340830	0.333300	0.737991	97.400000
0.015038	-0.264541	0.333411	0.784606	97.500000
0.048256	-0.183908	0.327831	0.822891	97.600000
0.080604	-0.099963	0.315807	0.848975	97.700000
0.111417	-0.014113	0.297397	0.859856	97.800000
0.140084	0.072008	0.273637	0.854519	97.900000
0.166145	0.156790	0.246294	0.834313	98.000000
0.189342	0.238871	0.217316	0.802305	98.100000
0.209608	0.317251	0.188333	0.762133	98.200000
0.227009	0.391297	0.160444	0.717070	98.300000
0.241696	0.460665	0.134244	0.669606	98.400000
0.253858	0.525218	0.109960	0.621424	98.500000
0.263688	0.584950	0.087599	0.573559	98.600000
0.271377	0.639930	0.067047	0.526593	98.700000
0.277098	0.690269	0.048141	0.480807	98.800000
0.281006	0.736092	0.030705	0.436296	98.900000
0.283239	0.777528	0.014567	0.393047	99.000000
0.283919	0.814701	-0.000430	0.350979	99.100000
0.283153	0.847724	-0.014425	0.309980	99.200000
0.281034	0.876697	-0.027540	0.269917	99.300000
0.277645	0.901707	-0.039880	0.230653	99.400000
0.273058	0.922828	-0.051537	0.192046	99.500000
0.267337	0.940117	-0.062590	0.153957	99.600000
0.260540	0.953619	-0.073104	0.116247	99.700000
0.252717	0.963366	-0.083137	0.078779	99.800000
0.243913	0.969375	-0.092738	0.041417	99.900000
0.234169	0.971649	-0.101947	0.004027	100.000000
