x1	x2	x3	x4	t
1.000000	0.000000	0.000000	0.100000	0.000000
0.998075	0.009994	-0.038513	0.099807	0.100000
0.992293	0.019948	-0.077168	0.099225	0.200000
0.982632	0.029825	-0.116105	0.098243	0.300000
0.969057	0.039583	-0.155470	0.096843	0.400000
0.951519	0.049179	-0.195411	0.094995	0.500000
0.929951	0.058566	-0.236081	0.092665	0.600000
0.904273	0.067694	-0.277638	0.089802	0.700000
0.874389	0.076507	-0.320240	0.086345	0.800000
0.840185	0.084941	-0.364048	0.082217	0.900000
0.801534	0.092925	-0.409215	0.077319	1.000000
0.758292	0.100375	-0.455873	0.071531	1.100000
0.710306	0.107196	-0.504112	0.064706	1.200000
0.657416	0.113276	-0.553943	0.056664	1.300000
0.599468	0.118481	-0.605239	0.047193	1.400000
0.536332	0.122659	-0.657632	0.036052	1.500000
0.467930	0.125628	-0.710376	0.022989	1.600000
0.394288	0.127185	-0.762145	0.007778	1.700000
0.315602	0.127107	-0.810820	-0.009700	1.800000
0.232328	0.125172	-0.853343	-0.029333	1.900000
0.145267	0.121184	-0.885882	-0.050632	2.000000
0.055617	0.115022	-0.904521	-0.072633	2.100000
-0.035078	0.106679	-0.906484	-0.093992	2.200000
-0.125104	0.096292	-0.891294	-0.113309	2.300000
-0.212831	0.084121	-0.861012	-0.129543	2.400000
-0.296927	0.070502	-0.819355	-0.142235	2.500000
-0.376459	0.055790	-0.770379	-0.151465	2.600000
-0.450875	0.040311	-0.717534	-0.157638	2.700000
-0.519921	0.024347	-0.663311	-0.161275	2.800000
-0.583546	0.008124	-0.609309	-0.162883	2.900000
-0.641821	-0.008177	-0.556448	-0.162895	3.000000
-0.694889	-0.024414	-0.505190	-0.161657	3.100000
-0.742919	-0.040475	-0.455711	-0.159432	3.200000
-0.786091	-0.056274	-0.408017	-0.156420	3.300000
-0.824579	-0.071738	-0.362018	-0.152769	3.400000
-0.858546	-0.086810	-0.317574	-0.148587	3.500000
-0.888140	-0.101440	-0.274521	-0.143950	3.600000
-0.913491	-0.115586	-0.232688	-0.138913	3.700000
-0.934713	-0.129211	-0.191905	-0.133513	3.800000
-0.951901	-0.142278	-0.152005	-0.127772	3.900000
-0.965138	-0.154754	-0.112828	-0.121703	4.000000
-0.974486	-0.166607	-0.074220	-0.115307	4.100000
-0.979996	-0.177805	-0.036034	-0.108579	4.200000
-0.981702	-0.188312	0.001874	-0.101504	4.300000
-0.979626	-0.198093	0.039644	-0.094063	4.400000
-0.973773	-0.207111	0.077414	-0.086228	4.500000
-0.964138	-0.215325	0.115321	-0.077964	4.600000
-0.950700	-0.222688	0.153503	-0.069230	4.700000
-0.933424	-0.229153	0.192099	-0.059973	4.800000
-0.912262	-0.234663	0.231251	-0.050132	4.900000
-0.887150	-0.239158	0.271103	-0.039636	5.000000
-0.858013	-0.242566	0.311800	-0.028400	5.100000
-0.824757	-0.244810	0.353487	-0.016323	5.200000
-0.787278	-0.245799	0.396299	-0.003290	5.300000
-0.745456	-0.245431	0.440358	0.010836	5.400000
-0.699162	-0.243590	0.485748	0.026208	5.500000
-0.648261	-0.240143	0.532490	0.042998	5.600000
-0.592622	-0.234937	0.580493	0.061388	5.700000
-0.532129	-0.227806	0.629476	0.081556	5.800000
-0.466713	-0.218562	0.678850	0.103642	5.900000
-0.396381	-0.207012	0.727555	0.127687	6.000000
-0.321280	-0.192964	0.773861	0.153534	6.100000
-0.241773	-0.176260	0.815195	0.180693	6.200000
-0.158520	-0.156813	0.848155	0.208190	6.300000
-0.072548	-0.134661	0.868957	0.234524	6.400000
0.014757	-0.110009	0.874425	0.257852	6.500000
0.101777	-0.083249	0.863229	0.276459	6.600000
0.186883	-0.054911	0.836532	0.289299	6.700000
0.268672	-0.025586	0.797531	0.296249	6.800000
0.346113	0.004163	0.750233	0.297947	6.900000
0.418566	0.033862	0.698317	0.295404	7.000000
0.485717	0.063138	0.644578	0.289669	7.100000
0.547484	0.091719	0.590864	0.281640	7.200000
0.603928	0.119413	0.538266	0.272012	7.300000
0.655193	0.146085	0.487346	0.261287	7.400000
0.701461	0.171645	0.438330	0.249817	7.500000
0.742924	0.196032	0.391247	0.237839	7.600000
0.779772	0.219202	0.346011	0.225509	7.700000
0.812183	0.241125	0.302479	0.212926	7.800000
0.840319	0.261781	0.260482	0.200149	7.900000
0.864324	0.281150	0.219841	0.187208	8.000000
0.884326	0.299217	0.180380	0.174113	8.100000
0.900434	0.315967	0.141927	0.160860	8.200000
0.912740	0.331383	0.104320	0.147435	8.300000
0.921321	0.345447	0.067403	0.133812	8.400000
0.926238	0.358138	0.031029	0.119961	8.500000
0.927540	0.369431	-0.004942	0.105844	8.600000
0.925259	0.379296	-0.040645	0.091416	8.700000
0.919415	0.387702	-0.076213	0.076627	8.800000
0.910017	0.394608	-0.111774	0.061419	8.900000
0.897057	0.399970	-0.147456	0.045729	9.000000
0.880517	0.403735	-0.183385	0.029484	9.100000
0.860367	0.405845	-0.219688	0.012600	9.200000
0.836563	0.406231	-0.256492	-0.005015	9.300000
0.809048	0.404814	-0.293926	-0.023467	9.400000
0.777753	0.401506	-0.332112	-0.042874	9.500000
0.742596	0.396203	-0.371169	-0.063370	9.600000
0.703486	0.388790	-0.411199	-0.085106	9.700000
0.660321	0.379135	-0.452277	-0.108242	9.800000
0.612995	0.367090	-0.494424	-0.132951	9.900000
0.561403	0.352487	-0.537576	-0.159402	10.000000
0.505453	0.335146	-0.581517	-0.187739	10.100000
0.445088	0.314874	-0.625795	-0.218039	10.200000
0.380310	0.291475	-0.669589	-0.250239	10.300000
0.311230	0.264772	-0.711538	-0.284021	10.400000
0.238131	0.234641	-0.749573	-0.318652	10.500000
0.161540	0.201056	-0.780852	-0.352825	10.600000
0.082300	0.164156	-0.801986	-0.384585	10.700000
0.001590	0.124300	-0.809769	-0.411540	10.800000
-0.079142	0.082085	-0.802283	-0.431433	10.900000
-0.158363	0.038297	-0.779800	-0.442880	11.000000
-0.234681	-0.006205	-0.744768	-0.445800	11.100000
-0.307020	-0.050613	-0.700850	-0.441247	11.200000
-0.374679	-0.094260	-0.651737	-0.430854	11.300000
-0.437295	-0.136645	-0.600400	-0.416290	11.400000
-0.494754	-0.177426	-0.548875	-0.398954	11.500000
-0.547105	-0.216379	-0.498394	-0.379893	11.600000
-0.594490	-0.253371	-0.449609	-0.359834	11.700000
-0.637093	-0.288329	-0.402794	-0.339254	11.800000
-0.675116	-0.321215	-0.357997	-0.318454	11.900000
-0.708757	-0.352018	-0.315140	-0.297612	12.000000
-0.738204	-0.380739	-0.274082	-0.276825	12.100000
-0.763628	-0.407387	-0.234650	-0.256136	12.200000
-0.785182	-0.431970	-0.196663	-0.235553	12.300000
-0.803003	-0.454500	-0.159944	-0.215061	12.400000
-0.817208	-0.474984	-0.124320	-0.194626	12.500000
-0.827898	-0.493426	-0.089631	-0.174207	12.600000
-0.835160	-0.509825	-0.055723	-0.153753	12.700000
-0.839064	-0.524174	-0.022456	-0.133208	12.800000
-0.839668	-0.536461	0.010306	-0.112510	12.900000
-0.837015	-0.546668	0.042690	-0.091590	13.000000
-0.831139	-0.554769	0.074815	-0.070379	13.100000
-0.822057	-0.560732	0.106801	-0.048796	13.200000
-0.809779	-0.564513	0.138760	-0.026757	13.300000
-0.794302	-0.566065	0.170804	-0.004171	13.400000
-0.775612	-0.565326	0.203042	0.019063	13.500000
-0.753684	-0.562227	0.235583	0.043057	13.600000
-0.728482	-0.556685	0.268531	0.067932	13.700000
-0.699960	-0.548607	0.301989	0.093825	13.800000
-0.668064	-0.537882	0.336051	0.120881	13.900000
-0.632727	-0.524386	0.370799	0.149262	14.000000
-0.593879	-0.507979	0.406290	0.179140	14.100000
-0.551444	-0.488503	0.442541	0.210689	14.200000
-0.505347	-0.465780	0.479500	0.244074	14.300000
-0.455525	-0.439622	0.517001	0.279426	14.400000
-0.401940	-0.409828	0.554700	0.316793	14.500000
-0.344599	-0.376199	0.591973	0.356067	14.600000
-0.283593	-0.338563	0.627787	0.396857	14.700000
-0.219143	-0.296805	0.660549	0.438320	14.800000
-0.151659	-0.250925	0.688013	0.478970	14.900000
-0.081810	-0.201112	0.707365	0.516561	15.000000
-0.010555	-0.147810	0.715689	0.548236	15.100000
0.060886	-0.091759	0.710844	0.571119	15.200000
0.131157	-0.033948	0.692404	0.583220	15.300000
0.198965	0.024510	0.661993	0.584146	15.400000
0.263259	0.082547	0.622694	0.575103	15.500000
0.323324	0.139269	0.577965	0.558240	15.600000
0.378771	0.194012	0.530770	0.535879	15.700000
0.429467	0.246329	0.483232	0.510012	15.800000
0.475451	0.295948	0.436664	0.482130	15.900000
0.516857	0.342722	0.391772	0.453256	16.000000
0.553871	0.386588	0.348862	0.424043	16.100000
0.586697	0.427533	0.307996	0.394885	16.200000
0.615536	0.465574	0.269101	0.366000	16.300000
0.640579	0.500746	0.232038	0.337494	16.400000
0.661999	0.533087	0.196633	0.309399	16.500000
0.679955	0.562639	0.162709	0.281704	16.600000
0.694584	0.589440	0.130088	0.254366	16.700000
0.706010	0.613522	0.098605	0.227328	16.800000
0.714338	0.634913	0.068103	0.200520	16.900000
0.719659	0.653631	0.038438	0.173866	17.000000
0.722049	0.669688	0.009477	0.147284	17.100000
0.721573	0.683088	-0.018905	0.120689	17.200000
0.718284	0.693823	-0.046821	0.093993	17.300000
0.712221	0.701880	-0.074381	0.067104	17.400000
0.703416	0.707234	-0.101687	0.039924	17.500000
0.691889	0.709851	-0.128835	0.012351	17.600000
0.677651	0.709687	-0.155920	-0.015723	17.700000
0.660704	0.706686	-0.183029	-0.044414	17.800000
0.641041	0.700780	-0.210250	-0.073848	17.900000
0.618648	0.691887	-0.237665	-0.104159	18.000000
0.593499	0.679914	-0.265351	-0.135495	18.100000
0.565566	0.664749	-0.293377	-0.168013	18.200000
0.534811	0.646266	-0.321800	-0.201883	18.300000
0.501191	0.624321	-0.350658	-0.237282	18.400000
0.464664	0.598753	-0.379952	-0.274387	18.500000
0.425188	0.569381	-0.409635	-0.313366	18.600000
0.382729	0.536013	-0.439574	-0.354344	18.700000
0.337273	0.498444	-0.469502	-0.397367	18.800000
0.288844	0.456475	-0.498954	-0.442316	18.900000
0.237523	0.409929	-0.527164	-0.488796	19.000000
0.183491	0.358692	-0.552958	-0.535952	19.100000
0.127068	0.302766	-0.574657	-0.582265	19.200000
0.068768	0.242345	-0.590091	-0.625378	19.300000
0.009339	0.177901	-0.596866	-0.662152	19.400000
-0.050248	0.110241	-0.592978	-0.689166	19.500000
-0.108872	0.040487	-0.577627	-0.703700	19.600000
-0.165419	-0.030046	-0.551726	-0.704734	19.700000
-0.218944	-0.100041	-0.517662	-0.693267	19.800000
-0.268780	-0.168363	-0.478437	-0.671742	19.900000
-0.314552	-0.234151	-0.436811	-0.643070	20.000000
-0.356131	-0.296827	-0.394837	-0.609881	20.100000
-0.393553	-0.356045	-0.353817	-0.574191	20.200000
-0.426951	-0.411629	-0.314455	-0.537388	20.300000
-0.456509	-0.463515	-0.277054	-0.500358	20.400000
-0.482429	-0.511711	-0.241671	-0.463623	20.500000
-0.504908	-0.556259	-0.208230	-0.427463	20.600000
-0.524135	-0.597227	-0.176589	-0.392005	20.700000
-0.540280	-0.634685	-0.146578	-0.357278	20.800000
-0.553499	-0.668706	-0.118021	-0.323254	20.900000
-0.563927	-0.699357	-0.090749	-0.289870	21.000000
-0.571686	-0.726698	-0.064604	-0.257042	21.100000
-0.576881	-0.750781	-0.039440	-0.224674	21.200000
-0.579603	-0.771645	-0.015125	-0.192667	21.300000
-0.579930	-0.789322	0.008463	-0.160915	21.400000
-0.577931	-0.803833	0.031432	-0.129312	21.500000
-0.573661	-0.815186	0.053882	-0.097751	21.600000
-0.567169	-0.823381	0.075905	-0.066119	21.700000
-0.558492	-0.828404	0.097585	-0.034306	21.800000
-0.547660	-0.830232	0.119002	-0.002192	21.900000
-0.534698	-0.828829	0.140226	0.030343	22.000000
-0.519619	-0.824145	0.161327	0.063427	22.100000
-0.502434	-0.816120	0.182367	0.097196	22.200000
-0.483146	-0.804678	0.203404	0.131793	22.300000
-0.461752	-0.789729	0.224488	0.167374	22.400000
-0.438245	-0.771165	0.245662	0.204102	22.500000
-0.412615	-0.748865	0.266957	0.242150	22.600000
-0.384849	-0.722685	0.288384	0.281699	22.700000
-0.354935	-0.692469	0.309931	0.322927	22.800000
-0.322861	-0.658038	0.331542	0.366002	22.900000
-0.288628	-0.619202	0.353101	0.411053	23.000000
-0.252250	-0.575760	0.374396	0.458129	23.100000
-0.213769	-0.527512	0.395077	0.507130	23.200000
-0.173273	-0.474281	0.414590	0.557692	23.300000
-0.130917	-0.415947	0.432100	0.609022	23.400000
-0.086958	-0.352498	0.446425	0.659678	23.500000
-0.041790	-0.284109	0.456020	0.707360	23.600000
0.004029	-0.211231	0.459127	0.748859	23.700000
0.049766	-0.134670	0.454162	0.780410	23.800000
0.094563	-0.055597	0.440314	0.798610	23.900000
0.137546	0.024542	0.418051	0.801619	24.000000
0.177950	0.104231	0.389111	0.789869	24.100000
0.215226	0.182103	0.355916	0.765764	24.200000
0.249071	0.257084	0.320825	0.732636	24.300000
0.279390	0.328438	0.285653	0.693721	24.400000
0.306238	0.395722	0.251559	0.651606	24.500000
0.329758	0.458714	0.219158	0.608112	24.600000
0.350134	0.517338	0.188694	0.564405	24.700000
0.367563	0.571611	0.160188	0.521176	24.800000
0.382234	0.621602	0.133544	0.478791	24.900000
0.394328	0.667403	0.108608	0.437414	25.000000
0.404007	0.709119	0.085209	0.397079	25.100000
0.411416	0.746853	0.063178	0.357749	25.200000
0.416683	0.780700	0.042352	0.319341	25.300000
0.419922	0.810748	0.022588	0.281749	25.400000
0.421231	0.837073	0.003752	0.244855	25.500000
0.420699	0.859738	-0.014270	0.208535	25.600000
0.418401	0.878795	-0.031584	0.172665	25.700000
0.414403	0.894282	-0.048281	0.137118	25.800000
0.408762	0.906225	-0.064443	0.101769	25.900000
0.401530	0.914638	-0.080141	0.066493	26.000000
0.392747	0.919522	-0.095441	0.031162	26.100000
0.382453	0.920864	-0.110400	-0.004352	26.200000
0.370677	0.918641	-0.125068	-0.040179	26.300000
0.357447	0.912814	-0.139491	-0.076458	26.400000
0.342786	0.903330	-0.153706	-0.113329	26.500000
0.326712	0.890123	-0.167745	-0.150941	26.600000
0.309242	0.873112	-0.181633	-0.189452	26.700000
0.290390	0.852197	-0.195385	-0.229027	26.800000
0.270169	0.827265	-0.209004	-0.269839	26.900000
0.248594	0.798182	-0.222477	-0.312066	27.000000
0.225680	0.764799	-0.235769	-0.355886	27.100000
0.201448	0.726946	-0.248813	-0.401465	27.200000
0.175929	0.684443	-0.261497	-0.448932	27.300000
0.149167	0.637095	-0.273643	-0.498348	27.400000
0.121228	0.584710	-0.284980	-0.549639	27.500000
0.092211	0.527114	-0.295109	-0.602497	27.600000
0.062265	0.464181	-0.303457	-0.656227	27.700000
0.031605	0.395882	-0.309244	-0.709541	27.800000
0.000534	0.322356	-0.311474	-0.760323	27.900000
-0.030534	0.244003	-0.309029	-0.805495	28.000000
-0.061081	0.161572	-0.300903	-0.841202	28.100000
-0.090507	0.076210	-0.286590	-0.863560	28.200000
-0.118204	-0.010601	-0.266457	-0.869889	28.300000
-0.143647	-0.097217	-0.241800	-0.859791	28.400000
-0.166475	-0.182076	-0.214471	-0.835258	28.500000
-0.186514	-0.263902	-0.186308	-0.799759	28.600000
-0.203756	-0.341787	-0.158717	-0.757017	28.700000
-0.218306	-0.415170	-0.132565	-0.710179	28.800000
-0.230331	-0.483764	-0.108263	-0.661538	28.900000
-0.240024	-0.547469	-0.085916	-0.612588	29.000000
-0.247578	-0.606302	-0.065462	-0.564222	29.100000
-0.253174	-0.660349	-0.046751	-0.516920	29.200000
-0.256980	-0.709729	-0.029605	-0.470896	29.300000
-0.259142	-0.754572	-0.013846	-0.426203	29.400000
-0.259790	-0.795012	0.000695	-0.382798	29.500000
-0.259038	-0.831172	0.014166	-0.340585	29.600000
-0.256988	-0.863165	0.026700	-0.299441	29.700000
-0.253726	-0.891091	0.038410	-0.259226	29.800000
-0.249330	-0.915036	0.049394	-0.219798	29.900000
-0.243868	-0.935072	0.059734	-0.181013	30.000000
-0.237402	-0.951255	0.069503	-0.142729	30.100000
-0.229985	-0.963630	0.078760	-0.104807	30.200000
-0.221666	-0.972224	0.087556	-0.067107	30.300000
-0.212488	-0.977054	0.095933	-0.029495	30.400000
-0.202492	-0.978121	0.103927	0.008168	30.500000
-0.191714	-0.975414	0.111565	0.046019	30.600000
-0.180190	-0.968907	0.118867	0.084199	30.700000
-0.167952	-0.958559	0.125848	0.122852	30.800000
-0.155031	-0.944316	0.132513	0.162127	30.900000
-0.141460	-0.926107	0.138860	0.202181	31.000000
-0.127270	-0.903848	0.144878	0.243176	31.100000
-0.112496	-0.877435	0.150543	0.285280	31.200000
-0.097174	-0.846749	0.155816	0.328665	31.300000
-0.081347	-0.811654	0.160638	0.373503	31.400000
-0.065064	-0.771995	0.164927	0.419953	31.500000
-0.048384	-0.727605	0.168566	0.468144	31.600000
-0.031378	-0.678306	0.171394	0.518147	31.700000
-0.014139	-0.623917	0.173192	0.569915	31.800000
0.003216	-0.564271	0.173666	0.623202	31.900000
0.020537	-0.499244	0.172434	0.677431	32.000000
0.037630	-0.428790	0.169017	0.731501	32.100000
0.054249	-0.353009	0.162861	0.783562	32.200000
0.070092	-0.272236	0.153413	0.830825	32.300000
0.084809	-0.187127	0.140281	0.869591	32.400000
0.098025	-0.098738	0.123462	0.895780	32.500000
0.109397	-0.008505	0.103546	0.906045	32.600000
0.118669	0.081891	0.081702	0.899051	32.700000
0.125721	0.170768	0.059378	0.876056	32.800000
0.130573	0.256676	0.037883	0.840316	32.900000
0.133356	0.338540	0.018101	0.795819	33.000000
0.134265	0.415670	0.000454	0.746193	33.100000
0.133520	0.487701	-0.014988	0.694196	33.200000
0.131337	0.554493	-0.028355	0.641681	33.300000
0.127911	0.616058	-0.039868	0.589769	33.400000
0.123417	0.672488	-0.049767	0.539076	33.500000
0.118004	0.723923	-0.058281	0.489882	33.600000
0.111800	0.770518	-0.065609	0.442269	33.700000
0.104916	0.812428	-0.071922	0.396197	33.800000
0.097445	0.849805	-0.077360	0.351562	33.900000
0.089469	0.882784	-0.082039	0.308226	34.000000
0.081059	0.911488	-0.086051	0.266034	34.100000
0.072279	0.936024	-0.089473	0.224827	34.200000
0.063182	0.956481	-0.092365	0.184447	34.300000
0.053822	0.972935	-0.094774	0.144740	34.400000
0.044242	0.985446	-0.096737	0.105553	34.500000
0.034488	0.994059	-0.098281	0.066741	34.600000
0.024600	0.998802	-0.099425	0.028160	34.700000
0.014616	0.999694	-0.100181	-0.010331	34.800000
0.004576	0.996734	-0.100551	-0.048874	34.900000
-0.005481	0.989912	-0.100533	-0.087609	35.000000
-0.015517	0.979201	-0.100116	-0.126679	35.100000
-0.025490	0.964561	-0.099280	-0.166230	35.200000
-0.035358	0.945934	-0.097999	-0.206414	35.300000
-0.045074	0.923252	-0.096234	-0.247384	35.400000
-0.054587	0.896426	-0.093936	-0.289300	35.500000
-0.063841	0.865355	-0.091041	-0.332324	35.600000
-0.072773	0.829919	-0.087468	-0.376615	35.700000
-0.081309	0.789984	-0.083116	-0.422323	35.800000
-0.089366	0.745403	-0.077858	-0.469573	35.900000
-0.096845	0.696016	-0.071537	-0.518437	36.000000
-0.103632	0.641662	-0.063964	-0.568895	36.100000
-0.109589	0.582190	-0.054914	-0.620759	36.200000
-0.114557	0.517478	-0.044132	-0.673567	36.300000
-0.118349	0.447474	-0.031351	-0.726415	36.400000
-0.120753	0.372244	-0.016341	-0.777757	36.500000
-0.121539	0.292052	0.001002	-0.825184	36.600000
-0.120479	0.207448	0.020525	-0.865354	36.700000
-0.117379	0.119356	0.041660	-0.894292	36.800000
-0.112127	0.029091	0.063369	-0.908277	36.900000
-0.104732	-0.061724	0.084286	-0.905135	37.000000
-0.095342	-0.151372	0.103076	-0.885198	37.100000
-0.084219	-0.238292	0.118822	-0.851167	37.200000
-0.071691	-0.321268	0.131183	-0.806996	37.300000
-0.058091	-0.399486	0.140294	-0.756628	37.400000
-0.043727	-0.472493	0.146561	-0.703229	37.500000
-0.028858	-0.540105	0.150471	-0.649001	37.600000
-0.013696	-0.602312	0.152488	-0.595311	37.700000
0.001590	-0.659211	0.153004	-0.542922	37.800000
0.016866	-0.710953	0.152331	-0.492195	37.900000
0.032025	-0.757710	0.150709	-0.443247	38.000000
0.046982	-0.799660	0.148321	-0.396049	38.100000
0.061668	-0.836975	0.145301	-0.350495	38.200000
0.076024	-0.869809	0.141750	-0.306437	38.300000
0.090003	-0.898306	0.137741	-0.263708	38.400000
0.103559	-0.922590	0.133324	-0.222139	38.500000
0.116655	-0.942767	0.128535	-0.181560	38.600000
0.129254	-0.958929	0.123396	-0.141806	38.700000
0.141323	-0.971151	0.117918	-0.102721	38.800000
0.152827	-0.979490	0.112102	-0.064152	38.900000
0.163732	-0.983993	0.105944	-0.025952	39.000000
0.174004	-0.984689	0.099430	0.012019	39.100000
0.183605	-0.981592	0.092540	0.049903	39.200000
0.192498	-0.974706	0.085247	0.087838	39.300000
0.200640	-0.964018	0.077515	0.125960	39.400000
0.207985	-0.949503	0.069304	0.164410	39.500000
0.214483	-0.931121	0.060560	0.203328	39.600000
0.220077	-0.908817	0.051222	0.242858	39.700000
0.224705	-0.882524	0.041217	0.283145	39.800000
0.228296	-0.852158	0.030457	0.324337	39.900000
0.230768	-0.817622	0.018841	0.366578	40.000000
0.232031	-0.778803	0.006248	0.410002	40.100000
0.231980	-0.735578	-0.007461	0.454725	40.200000
0.230496	-0.687812	-0.022444	0.500817	40.300000
0.227443	-0.635369	-0.038878	0.548273	40.400000
0.222666	-0.578116	-0.056949	0.596957	40.500000
0.215993	-0.515948	-0.076833	0.646506	40.600000
0.207235	-0.448810	-0.098659	0.696206	40.700000
0.196195	-0.376742	-0.122443	0.744810	40.800000
0.182687	-0.299949	-0.147972	0.790329	40.900000
0.166561	-0.218874	-0.174669	0.829901	41.000000
0.147750	-0.134288	-0.201455	0.859912	41.100000
0.126319	-0.047337	-0.226753	0.876608	41.200000
0.102510	0.040495	-0.248747	0.877241	41.300000
0.076733	0.127552	-0.265893	0.861217	41.400000
0.049521	0.212244	-0.277395	0.830429	41.500000
0.021440	0.293265	-0.283341	0.788476	41.600000
-0.006986	0.369701	-0.284457	0.739373	41.700000
-0.035323	0.441018	-0.281737	0.686571	41.800000
-0.063238	0.506977	-0.276150	0.632573	41.900000
-0.090485	0.567547	-0.268502	0.578978	42.000000
-0.116891	0.622817	-0.259410	0.526698	42.100000
-0.142334	0.672945	-0.249314	0.476178	42.200000
-0.166730	0.718117	-0.238525	0.427576	42.300000
-0.190023	0.758524	-0.227250	0.380880	42.400000
-0.212169	0.794353	-0.215627	0.335984	42.500000
-0.233139	0.825776	-0.203745	0.292737	42.600000
-0.252911	0.852949	-0.191653	0.250966	42.700000
-0.271464	0.876012	-0.179381	0.210491	42.800000
-0.288781	0.895085	-0.166934	0.171138	42.900000
-0.304845	0.910272	-0.154309	0.132739	43.000000
-0.319637	0.921659	-0.141491	0.095132	43.100000
-0.333136	0.929319	-0.128454	0.058164	43.200000
-0.345319	0.933308	-0.115170	0.021690	43.300000
-0.356160	0.933669	-0.101599	-0.014430	43.400000
-0.365628	0.930430	-0.087698	-0.050330	43.500000
-0.373687	0.923606	-0.073417	-0.086142	43.600000
-0.380297	0.913200	-0.058700	-0.121995	43.700000
-0.385410	0.899201	-0.043480	-0.158017	43.800000
-0.388974	0.881587	-0.027685	-0.194337	43.900000
-0.390925	0.860320	-0.011231	-0.231084	44.000000
-0.391195	0.835351	0.005976	-0.268385	44.100000
-0.389702	0.806620	0.024044	-0.306371	44.200000
-0.386353	0.774050	0.043094	-0.345165	44.300000
-0.381045	0.737556	0.063262	-0.384884	44.400000
-0.373659	0.697039	0.084701	-0.425627	44.500000
-0.364057	0.652394	0.107576	-0.467456	44.600000
-0.352090	0.603511	0.132059	-0.510376	44.700000
-0.337586	0.550286	0.158317	-0.554282	44.800000
-0.320363	0.492631	0.186482	-0.598901	44.900000
-0.300224	0.430500	0.216608	-0.643680	45.000000
-0.276979	0.363921	0.248581	-0.687643	45.100000
-0.250459	0.293050	0.282001	-0.729217	45.200000
-0.220558	0.218234	0.316010	-0.766070	45.300000
-0.187285	0.140096	0.349149	-0.795114	45.400000
-0.150826	0.059588	0.379347	-0.812879	45.500000
-0.111594	-0.022003	0.404230	-0.816397	45.600000
-0.070227	-0.103168	0.421763	-0.804340	45.700000
-0.027522	-0.182381	0.430937	-0.777705	45.800000
0.015689	-0.258321	0.432023	-0.739461	45.900000
0.058654	-0.330014	0.426255	-0.693418	46.000000
0.100766	-0.396864	0.415266	-0.643123	46.100000
0.141585	-0.458588	0.400610	-0.591279	46.200000
0.180809	-0.515129	0.383547	-0.539672	46.300000
0.218245	-0.566566	0.364997	-0.489341	46.400000
0.253780	-0.613057	0.345591	-0.440809	46.500000
0.287349	-0.654795	0.325740	-0.394273	46.600000
0.318922	-0.691979	0.305700	-0.349738	46.700000
0.348488	-0.724805	0.285622	-0.307103	46.800000
0.376047	-0.753458	0.265586	-0.266215	46.900000
0.401607	-0.778101	0.245627	-0.226898	47.000000
0.425175	-0.798883	0.225746	-0.188971	47.100000
0.446759	-0.815936	0.205925	-0.152258	47.200000
0.466361	-0.829370	0.186130	-0.116588	47.300000
0.483984	-0.839283	0.166321	-0.081804	47.400000
0.499623	-0.845755	0.146447	-0.047755	47.500000
0.513269	-0.848853	0.126451	-0.014300	47.600000
0.524907	-0.848630	0.106273	0.018693	47.700000
0.534516	-0.845126	0.085846	0.051351	47.800000
0.542066	-0.838367	0.065099	0.083794	47.900000
0.547522	-0.828370	0.043953	0.116141	48.000000
0.550840	-0.815139	0.022323	0.148505	48.100000
0.551968	-0.798665	0.000117	0.180998	48.200000
0.550841	-0.778931	-0.022767	0.213733	48.300000
0.547388	-0.755907	-0.046442	0.246817	48.400000
0.541522	-0.729552	-0.071032	0.280359	48.500000
0.533146	-0.699816	-0.096674	0.314459	48.600000
0.522147	-0.666639	-0.123519	0.349214	48.700000
0.508397	-0.629949	-0.151729	0.384699	48.800000
0.491750	-0.589673	-0.181476	0.420966	48.900000
0.472045	-0.545730	-0.212936	0.458016	49.000000
0.449101	-0.498046	-0.246266	0.495770	49.100000
0.422725	-0.446559	-0.281582	0.534016	49.200000
0.392717	-0.391240	-0.318900	0.572333	49.300000
0.358884	-0.332114	-0.358050	0.609981	49.400000
0.321062	-0.269305	-0.398542	0.645757	49.500000
0.279163	-0.203085	-0.439380	0.677848	49.600000
0.233229	-0.133940	-0.478885	0.703774	49.700000
0.183510	-0.062634	-0.514638	0.720574	49.800000
0.130524	0.009774	-0.543738	0.725416	49.900000
0.075075	0.081989	-0.563518	0.716566	50.000000
0.018185	0.152634	-0.572440	0.694229	50.100000
-0.039053	0.220457	-0.570618	0.660595	50.200000
-0.095630	0.284488	-0.559583	0.619012	50.300000
-0.150736	0.344109	-0.541556	0.572892	50.400000
-0.203783	0.399009	-0.518741	0.524988	50.500000
-0.254385	0.449111	-0.492945	0.477182	50.600000
-0.302316	0.494486	-0.465482	0.430595	50.700000
-0.347456	0.535290	-0.437236	0.385802	50.800000
-0.389756	0.571714	-0.408763	0.343027	50.900000
-0.429212	0.603963	-0.380393	0.302286	51.000000
-0.465844	0.632236	-0.352306	0.263483	51.100000
-0.499686	0.656719	-0.324583	0.226464	51.200000
-0.530774	0.677583	-0.297242	0.191056	51.300000
-0.559146	0.694978	-0.270265	0.157078	51.400000
-0.584837	0.709040	-0.243606	0.124355	51.500000
-0.607876	0.719886	-0.217206	0.092725	51.600000
-0.628285	0.727616	-0.190996	0.062031	51.700000
-0.646079	0.732318	-0.164901	0.032134	51.800000
-0.661266	0.734065	-0.138839	0.002901	51.900000
-0.673845	0.732917	-0.112728	-0.025790	52.000000
-0.683807	0.728921	-0.086479	-0.054054	52.100000
-0.691133	0.722117	-0.060000	-0.081998	52.200000
-0.695796	0.712529	-0.033195	-0.109725	52.300000
-0.697758	0.700176	-0.005962	-0.137332	52.400000
-0.696971	0.685064	0.021809	-0.164913	52.500000
-0.693375	0.667191	0.050235	-0.192558	52.600000
-0.686898	0.646547	0.079443	-0.220356	52.700000
-0.677455	0.623112	0.109569	-0.248389	52.800000
-0.664948	0.596859	0.140763	-0.276735	52.900000
-0.649262	0.567752	0.173186	-0.305462	53.000000
-0.630265	0.535752	0.207008	-0.334626	53.100000
-0.607808	0.500811	0.242407	-0.364258	53.200000
-0.581725	0.462885	0.279561	-0.394350	53.300000
-0.551832	0.421928	0.318627	-0.424833	53.400000
-0.517932	0.377910	0.359715	-0.455540	53.500000
-0.479821	0.330823	0.402834	-0.486151	53.600000
-0.437303	0.280701	0.447803	-0.516113	53.700000
-0.390215	0.227651	0.494119	-0.544535	53.800000
-0.338467	0.171890	0.540763	-0.570071	53.900000
-0.282108	0.113795	0.585997	-0.590846	54.000000
-0.221400	0.053957	0.627232	-0.604527	54.100000
-0.156904	-0.006792	0.661203	-0.608702	54.200000
-0.089513	-0.067405	0.684622	-0.601606	54.300000
-0.020409	-0.126724	0.695223	-0.582916	54.400000
0.049088	-0.183648	0.692613	-0.554070	54.500000
0.117721	-0.237289	0.678296	-0.517782	54.600000
0.184445	-0.287058	0.654912	-0.477105	54.700000
0.248496	-0.332652	0.625300	-0.434650	54.800000
0.309379	-0.373992	0.591880	-0.392270	54.900000
0.366806	-0.411147	0.556440	-0.351085	55.000000
0.420640	-0.444269	0.520185	-0.311676	55.100000
0.470841	-0.473549	0.483864	-0.274264	55.200000
0.517426	-0.499189	0.447913	-0.238864	55.300000
0.560444	-0.521386	0.412557	-0.205378	55.400000
0.599960	-0.540323	0.377889	-0.173651	55.500000
0.636045	-0.556169	0.343920	-0.143511	55.600000
0.668766	-0.569072	0.310612	-0.114782	55.700000
0.698187	-0.579166	0.277897	-0.087298	55.800000
0.724362	-0.586568	0.245689	-0.060902	55.900000
0.747339	-0.591378	0.213894	-0.035451	56.000000
0.767152	-0.593685	0.182412	-0.010815	56.100000
0.783828	-0.593564	0.151139	0.013125	56.200000
0.797383	-0.591080	0.119971	0.036477	56.300000
0.807822	-0.586285	0.088800	0.059340	56.400000
0.815139	-0.579225	0.057517	0.081805	56.500000
0.819318	-0.569935	0.026010	0.103958	56.600000
0.820330	-0.558441	-0.005840	0.125876	56.700000
0.818135	-0.544765	-0.038153	0.147632	56.800000
0.812679	-0.528918	-0.071060	0.169296	56.900000
0.803898	-0.510907	-0.104697	0.190931	57.000000
0.791711	-0.490731	-0.139210	0.212594	57.100000
0.776022	-0.468385	-0.174756	0.234338	57.200000
0.756720	-0.443859	-0.211501	0.256205	57.300000
0.733676	-0.417139	-0.249621	0.278223	57.400000
0.706744	-0.388209	-0.289296	0.300400	57.500000
0.675759	-0.357054	-0.330704	0.322715	57.600000
0.640540	-0.323664	-0.374004	0.345100	57.700000
0.600891	-0.288037	-0.419308	0.367412	57.800000
0.556610	-0.250192	-0.466633	0.389404	57.900000
0.507502	-0.210180	-0.515815	0.410663	58.000000
0.453400	-0.168105	-0.566388	0.430548	58.100000
0.394209	-0.124148	-0.617393	0.448103	58.200000
0.329962	-0.078606	-0.667160	0.461996	58.300000
0.260903	-0.031926	-0.713120	0.470543	58.400000
0.187578	0.015263	-0.751857	0.471923	58.500000
0.110898	0.062169	-0.779620	0.464664	58.600000
0.032123	0.107890	-0.793389	0.448270	58.700000
-0.047270	0.151546	-0.791994	0.423623	58.800000
-0.125804	0.192407	-0.776540	0.392780	58.900000
-0.202201	0.229980	-0.749807	0.358267	59.000000
-0.275502	0.264015	-0.715149	0.322363	59.100000
-0.345069	0.294462	-0.675603	0.286728	59.200000
-0.410538	0.321404	-0.633491	0.252372	59.300000
-0.471736	0.344997	-0.590401	0.219801	59.400000
-0.528619	0.365430	-0.547326	0.189193	59.500000
-0.581221	0.382900	-0.504840	0.160533	59.600000
-0.629616	0.397597	-0.463235	0.133705	59.700000
-0.673901	0.409697	-0.422630	0.108550	59.800000
-0.714176	0.419357	-0.383035	0.084895	59.900000
-0.750540	0.426720	-0.344398	0.062573	60.000000
-0.783085	0.431911	-0.306631	0.041424	60.100000
-0.811892	0.435040	-0.269625	0.021307	60.200000
-0.837031	0.436203	-0.233262	0.002092	60.300000
-0.858561	0.435484	-0.197420	-0.016335	60.400000
-0.876528	0.432958	-0.161976	-0.034077	60.500000
-0.890966	0.428689	-0.126804	-0.051224	60.600000
-0.901894	0.422731	-0.091782	-0.067856	60.700000
-0.909323	0.415132	-0.056784	-0.084047	60.800000
-0.913248	0.405934	-0.021684	-0.099859	60.900000
-0.913652	0.395171	0.013646	-0.115351	61.000000
-0.910506	0.382873	0.049337	-0.130574	61.100000
-0.903768	0.369064	0.085528	-0.145572	61.200000
-0.893380	0.353764	0.122361	-0.160386	61.300000
-0.879269	0.336992	0.159987	-0.175046	61.400000
-0.861350	0.318759	0.198566	-0.189578	61.500000
-0.839519	0.299080	0.238265	-0.203996	61.600000
-0.813654	0.277964	0.279260	-0.218302	61.700000
-0.783618	0.255424	0.321730	-0.232480	61.800000
-0.749253	0.231473	0.365850	-0.246489	61.900000
-0.710387	0.206134	0.411780	-0.260253	62.000000
-0.666833	0.179435	0.459635	-0.273641	62.100000
-0.618395	0.151425	0.509444	-0.286452	62.200000
-0.564883	0.122174	0.561078	-0.298376	62.300000
-0.506132	0.091794	0.614133	-0.308955	62.400000
-0.442036	0.060449	0.667761	-0.317540	62.500000
-0.372609	0.028382	0.720451	-0.323250	62.600000
-0.298056	-0.004068	0.769804	-0.324994	62.700000
-0.218870	-0.036445	0.812475	-0.321594	62.800000
-0.135917	-0.068183	0.844502	-0.312088	62.900000
-0.050449	-0.098647	0.862246	-0.296150	63.000000
0.035984	-0.127218	0.863659	-0.274422	63.100000
0.121748	-0.153389	0.849120	-0.248442	63.200000
0.205360	-0.176830	0.821188	-0.220163	63.300000
0.285660	-0.197405	0.783504	-0.191380	63.400000
0.361856	-0.215134	0.739649	-0.163394	63.500000
0.433481	-0.230137	0.692493	-0.136960	63.600000
0.500313	-0.242589	0.644052	-0.112413	63.700000
0.562292	-0.252684	0.595609	-0.089816	63.800000
0.619460	-0.260614	0.547906	-0.069083	63.900000
0.671911	-0.266558	0.501327	-0.050058	64.000000
0.719768	-0.270677	0.456029	-0.032564	64.100000
0.763161	-0.273116	0.412033	-0.016425	64.200000
0.802216	-0.274002	0.369279	-0.001477	64.300000
0.837054	-0.273446	0.327660	0.012426	64.400000
0.867782	-0.271547	0.287051	0.025410	64.500000
0.894493	-0.268391	0.247311	0.037588	64.600000
0.917268	-0.264053	0.208301	0.049054	64.700000
0.936173	-0.258601	0.169876	0.059891	64.800000
0.951259	-0.252094	0.131899	0.070167	64.900000
0.962563	-0.244584	0.094230	0.079944	65.000000
0.970110	-0.236120	0.056732	0.089271	65.100000
0.973911	-0.226744	0.019271	0.098190	65.200000
0.973961	-0.216494	-0.018291	0.106738	65.300000
0.970245	-0.205408	-0.056092	0.114940	65.400000
0.962730	-0.193517	-0.094273	0.122819	65.500000
0.951372	-0.180854	-0.132980	0.130389	65.600000
0.936112	-0.167449	-0.172363	0.137655	65.700000
0.916872	-0.153333	-0.212582	0.144616	65.800000
0.893562	-0.138537	-0.253800	0.151259	65.900000
0.866073	-0.123093	-0.296189	0.157558	66.000000
0.834279	-0.107038	-0.339920	0.163474	66.100000
0.798038	-0.090413	-0.385165	0.168942	66.200000
0.757191	-0.073267	-0.432078	0.173874	66.300000
0.711563	-0.055661	-0.480775	0.178141	66.400000
0.660975	-0.037667	-0.531299	0.181566	66.500000
0.605245	-0.019383	-0.583557	0.183908	66.600000
0.544216	-0.000933	-0.637220	0.184839	66.700000
0.477778	0.017523	-0.691573	0.183934	66.800000
0.405921	0.035775	-0.745312	0.180662	66.900000
0.328805	0.053557	-0.796314	0.174420	67.000000
0.246851	0.070541	-0.841488	0.164630	67.100000
0.160832	0.086351	-0.876933	0.150926	67.200000
0.071924	0.100598	-0.898656	0.133410	67.300000
-0.018343	0.112930	-0.903813	0.112820	67.400000
-0.108264	0.123102	-0.891865	0.090448	67.500000
-0.196210	0.131010	-0.864795	0.067778	67.600000
-0.280839	0.136690	-0.826213	0.046067	67.700000
-0.361201	0.140283	-0.780074	0.026115	67.800000
-0.436716	0.141984	-0.729748	0.008277	67.900000
-0.507094	0.142010	-0.677695	-0.007412	68.000000
-0.572251	0.140569	-0.625514	-0.021092	68.100000
-0.632225	0.137851	-0.574146	-0.032981	68.200000
-0.687124	0.134025	-0.524087	-0.043307	68.300000
-0.737093	0.129235	-0.475547	-0.052288	68.400000
-0.782286	0.123606	-0.428564	-0.060112	68.500000
-0.822856	0.117246	-0.383077	-0.066943	68.600000
-0.858947	0.110246	-0.338971	-0.072912	68.700000
-0.890691	0.102688	-0.296101	-0.078133	68.800000
-0.918203	0.094642	-0.254315	-0.082693	68.900000
-0.941585	0.086169	-0.213452	-0.086668	69.000000
-0.960920	0.077326	-0.173358	-0.090115	69.100000
-0.976277	0.068162	-0.133878	-0.093081	69.200000
-0.987711	0.058724	-0.094865	-0.095602	69.300000
-0.995261	0.049055	-0.056173	-0.097706	69.400000
-0.998951	0.039196	-0.017659	-0.099410	69.500000
-0.998794	0.029186	0.020816	-0.100727	69.600000
-0.994785	0.019064	0.059395	-0.101661	69.700000
-0.986907	0.008867	0.098218	-0.102207	69.800000
-0.975128	-0.001364	0.137429	-0.102356	69.900000
-0.959403	-0.011590	0.177178	-0.102089	70.000000
-0.939670	-0.021768	0.217614	-0.101377	70.100000
-0.915852	-0.031850	0.258897	-0.100182	70.200000
-0.887857	-0.041786	0.301187	-0.098454	70.300000
-0.855575	-0.051520	0.344646	-0.096125	70.400000
-0.818883	-0.060988	0.389435	-0.093111	70.500000
-0.777639	-0.070116	0.435698	-0.089307	70.600000
-0.731690	-0.078819	0.483550	-0.084578	70.700000
-0.680874	-0.086996	0.533043	-0.078760	70.800000
-0.625029	-0.094528	0.584115	-0.071649	70.900000
-0.564007	-0.101275	0.636510	-0.063006	71.000000
-0.497702	-0.107069	0.689649	-0.052558	71.100000
-0.426087	-0.111717	0.742453	-0.040024	71.200000
-0.349281	-0.114996	0.793125	-0.025171	71.300000
-0.267622	-0.116670	0.838955	-0.007911	71.400000
-0.181771	-0.116504	0.876338	0.011548	71.500000
-0.092772	-0.114308	0.901240	0.032561	71.600000
-0.002055	-0.109977	0.910272	0.054016	71.700000
0.088700	-0.103536	0.901973	0.074536	71.800000
0.177797	-0.095144	0.877481	0.092866	71.900000
0.263763	-0.085063	0.840031	0.108212	72.000000
0.345507	-0.073610	0.793692	0.120329	72.100000
0.422332	-0.061099	0.742212	0.129399	72.200000
0.493875	-0.047818	0.688459	0.135818	72.300000
0.560013	-0.034009	0.634355	0.140040	72.400000
0.620773	-0.019869	0.581055	0.142488	72.500000
0.676272	-0.005559	0.529181	0.143517	72.600000
0.726667	0.008796	0.479008	0.143410	72.700000
0.772132	0.023093	0.430600	0.142387	72.800000
0.812844	0.037249	0.383901	0.140615	72.900000
0.848966	0.051195	0.338792	0.138218	73.000000
0.880650	0.064875	0.295117	0.135291	73.100000
0.908031	0.078238	0.252709	0.131900	73.200000
0.931228	0.091241	0.211399	0.128096	73.300000
0.950342	0.103844	0.171019	0.123911	73.400000
0.965458	0.116011	0.131409	0.119366	73.500000
0.976644	0.127706	0.092410	0.114473	73.600000
0.983955	0.138894	0.053875	0.109234	73.700000
0.987430	0.149541	0.015658	0.103642	73.800000
0.987093	0.159611	-0.022383	0.097686	73.900000
0.982954	0.169065	-0.060388	0.091346	74.000000
0.975012	0.177866	-0.098494	0.084593	74.100000
0.963248	0.185969	-0.136840	0.077394	74.200000
0.947631	0.193329	-0.175567	0.069706	74.300000
0.928117	0.199892	-0.214818	0.061477	74.400000
0.904645	0.205604	-0.254738	0.052643	74.500000
0.877142	0.210398	-0.295474	0.043129	74.600000
0.845518	0.214204	-0.337176	0.032848	74.700000
0.809670	0.216939	-0.379986	0.021693	74.800000
0.769480	0.218509	-0.424038	0.009541	74.900000
0.724817	0.218809	-0.469437	-0.003751	75.000000
0.675545	0.217716	-0.516237	-0.018348	75.100000
0.621524	0.215090	-0.564403	-0.034431	75.200000
0.562625	0.210774	-0.613740	-0.052188	75.300000
0.498752	0.204591	-0.663793	-0.071795	75.400000
0.429871	0.196349	-0.713702	-0.093369	75.500000
0.356064	0.185851	-0.762002	-0.116893	75.600000
0.277598	0.172914	-0.806430	-0.142094	75.700000
0.195011	0.157398	-0.843837	-0.168301	75.800000
0.109191	0.139259	-0.870447	-0.194333	75.900000
0.021404	0.118592	-0.882658	-0.218558	76.000000
-0.066784	0.095667	-0.878277	-0.239224	76.100000
-0.153701	0.070912	-0.857501	-0.254981	76.200000
-0.237820	0.044854	-0.822887	-0.265278	76.300000
-0.317946	0.018031	-0.778309	-0.270375	76.400000
-0.393282	-0.009074	-0.727696	-0.271054	76.500000
-0.463392	-0.036065	-0.674228	-0.268270	76.600000
-0.528108	-0.062642	-0.620119	-0.262907	76.700000
-0.587440	-0.088585	-0.566735	-0.255689	76.800000
-0.641504	-0.113736	-0.514825	-0.247157	76.900000
-0.690466	-0.137985	-0.464734	-0.237701	77.000000
-0.734515	-0.161255	-0.416561	-0.227593	77.100000
-0.773841	-0.183488	-0.370259	-0.217016	77.200000
-0.808625	-0.204646	-0.325707	-0.206094	77.300000
-0.839035	-0.224698	-0.282744	-0.194902	77.400000
-0.865221	-0.243619	-0.241196	-0.183488	77.500000
-0.887316	-0.261389	-0.200886	-0.171875	77.600000
-0.905434	-0.277988	-0.161639	-0.160069	77.700000
-0.919673	-0.293396	-0.123290	-0.148064	77.800000
-0.930116	-0.307594	-0.085679	-0.135846	77.900000
-0.936829	-0.320558	-0.048657	-0.123390	78.000000
-0.939863	-0.332263	-0.012079	-0.110666	78.100000
-0.939255	-0.342681	0.024194	-0.097638	78.200000
-0.935029	-0.351779	0.060296	-0.084261	78.300000
-0.927197	-0.359520	0.096359	-0.070487	78.400000
-0.915755	-0.365861	0.132511	-0.056257	78.500000
-0.900687	-0.370754	0.168883	-0.041506	78.600000
-0.881966	-0.374142	0.205605	-0.026160	78.700000
-0.859550	-0.375963	0.242806	-0.010135	78.800000
-0.833385	-0.376143	0.280618	0.006665	78.900000
-0.803402	-0.374601	0.319170	0.024351	79.000000
-0.769522	-0.371240	0.358587	0.043045	79.100000
-0.731652	-0.365953	0.398984	0.062887	79.200000
-0.689689	-0.358619	0.440453	0.084033	79.300000
-0.643524	-0.349098	0.483044	0.106650	79.400000
-0.593043	-0.337234	0.526736	0.130910	79.500000
-0.538144	-0.322855	0.571382	0.156976	79.600000
-0.478746	-0.305774	0.616634	0.184969	79.700000
-0.414819	-0.285796	0.661823	0.214910	79.800000
-0.346421	-0.262733	0.705798	0.246631	79.900000
-0.273759	-0.236427	0.746747	0.279636	80.000000
-0.197259	-0.206795	0.782064	0.312934	80.100000
-0.117644	-0.173883	0.808448	0.344917	80.200000
-0.035984	-0.137927	0.822430	0.373427	80.300000
0.046339	-0.099391	0.821406	0.396162	80.400000
0.127772	-0.058947	0.804731	0.411368	80.500000
0.206817	-0.017391	0.774112	0.418413	80.600000
0.282241	0.024481	0.732935	0.417872	80.700000
0.353181	0.065975	0.685052	0.411104	80.800000
0.419141	0.106547	0.633803	0.399693	80.900000
0.479912	0.145807	0.581613	0.385073	81.000000
0.535484	0.183493	0.530024	0.368364	81.100000
0.585966	0.219438	0.479903	0.350373	81.200000
0.631528	0.253543	0.431659	0.331643	81.300000
0.672365	0.285754	0.385421	0.312529	81.400000
0.708678	0.316043	0.341159	0.293248	81.500000
0.740659	0.344402	0.298750	0.273929	81.600000
0.768485	0.370830	0.258035	0.254637	81.700000
0.792316	0.395331	0.218834	0.235398	81.800000
0.812296	0.417911	0.180967	0.216209	81.900000
0.828548	0.438574	0.144258	0.197050	82.000000
0.841180	0.457321	0.108542	0.177888	82.100000
0.850284	0.474150	0.073661	0.158681	82.200000
0.855936	0.489054	0.039468	0.139379	82.300000
0.858196	0.502021	0.005823	0.119927	82.400000
0.857114	0.513033	-0.027404	0.100265	82.500000
0.852725	0.522065	-0.060341	0.080326	82.600000
0.845052	0.529086	-0.093107	0.060039	82.700000
0.834105	0.534058	-0.125821	0.039326	82.800000
0.819885	0.536934	-0.158597	0.018102	82.900000
0.802380	0.537659	-0.191550	-0.003728	83.000000
0.781566	0.536165	-0.224792	-0.026265	83.100000
0.757408	0.532378	-0.258432	-0.049624	83.200000
0.729862	0.526209	-0.292580	-0.073933	83.300000
0.698872	0.517556	-0.327338	-0.099329	83.400000
0.664371	0.506302	-0.362799	-0.125966	83.500000
0.626286	0.492315	-0.399037	-0.154010	83.600000
0.584537	0.475447	-0.436091	-0.183633	83.700000
0.539041	0.455530	-0.473944	-0.215008	83.800000
0.489725	0.432382	-0.512485	-0.248286	83.900000
0.436530	0.405806	-0.551446	-0.283561	84.000000
0.379438	0.375604	-0.590318	-0.320811	84.100000
0.318498	0.341586	-0.628223	-0.359797	84.200000
0.253871	0.303606	-0.663767	-0.399911	84.300000
0.185891	0.261604	-0.694900	-0.439994	84.400000
0.115128	0.215670	-0.718916	-0.478171	84.500000
0.042447	0.166118	-0.732762	-0.511872	84.600000
-0.030995	0.113541	-0.733791	-0.538224	84.700000
-0.103840	0.058800	-0.720786	-0.554850	84.800000
-0.174710	0.002933	-0.694611	-0.560703	84.900000
-0.242411	-0.052999	-0.657958	-0.556363	85.000000
-0.306070	-0.108058	-0.614337	-0.543608	85.100000
-0.365158	-0.161514	-0.567043	-0.524659	85.200000
-0.419441	-0.212853	-0.518587	-0.501573	85.300000
-0.468892	-0.261746	-0.470617	-0.475972	85.400000
-0.513613	-0.308002	-0.424076	-0.449004	85.500000
-0.553771	-0.351526	-0.379420	-0.421427	85.600000
-0.589565	-0.392283	-0.336802	-0.393713	85.700000
-0.621198	-0.430274	-0.296199	-0.366138	85.800000
-0.648868	-0.465520	-0.257495	-0.338847	85.900000
-0.672755	-0.498055	-0.220527	-0.311899	86.000000
-0.693025	-0.527912	-0.185117	-0.285304	86.100000
-0.709825	-0.555127	-0.151087	-0.259036	86.200000
-0.723283	-0.579729	-0.118264	-0.233047	86.300000
-0.733512	-0.601743	-0.086486	-0.207277	86.400000
-0.740610	-0.621189	-0.055602	-0.181657	86.500000
-0.744658	-0.638077	-0.025472	-0.156113	86.600000
-0.745725	-0.652411	0.004034	-0.130566	86.700000
-0.743868	-0.664187	0.033037	-0.104931	86.800000
-0.739131	-0.673392	0.061651	-0.079123	86.900000
-0.731547	-0.680003	0.089983	-0.053051	87.000000
-0.721140	-0.683990	0.118136	-0.026616	87.100000
-0.707923	-0.685311	0.146208	0.000283	87.200000
-0.691898	-0.683914	0.174293	0.027756	87.300000
-0.673061	-0.679737	0.202484	0.055921	87.400000
-0.651395	-0.672703	0.230869	0.084908	87.500000
-0.626877	-0.662723	0.259532	0.114856	87.600000
-0.599477	-0.649695	0.288551	0.145915	87.700000
-0.569153	-0.633498	0.317994	0.178249	87.800000
-0.535862	-0.613996	0.347913	0.212031	87.900000
-0.499554	-0.591037	0.378330	0.247440	88.000000
-0.460180	-0.564448	0.409226	0.284648	88.100000
-0.417696	-0.534043	0.440507	0.323804	88.200000
-0.372072	-0.499620	0.471965	0.364998	88.300000
-0.323309	-0.460976	0.503216	0.408194	88.400000
-0.271457	-0.417922	0.533604	0.453137	88.500000
-0.216651	-0.370311	0.562095	0.499200	88.600000
-0.159152	-0.318084	0.587155	0.545182	88.700000
-0.099403	-0.261341	0.606706	0.589113	88.800000
-0.038077	-0.200422	0.618281	0.628191	88.900000
0.023907	-0.135976	0.619525	0.659089	89.000000
0.085433	-0.068981	0.609004	0.678751	89.100000
0.145320	-0.000661	0.586934	0.685447	89.200000
0.202498	0.067681	0.555255	0.679403	89.300000
0.256149	0.134857	0.516928	0.662539	89.400000
0.305764	0.199919	0.474980	0.637601	89.500000
0.351107	0.262199	0.431839	0.607295	89.600000
0.392148	0.321273	0.389148	0.573815	89.700000
0.428984	0.376909	0.347860	0.538736	89.800000
0.461782	0.429002	0.308439	0.503092	89.900000
0.490739	0.477530	0.271040	0.467514	90.000000
0.516057	0.522520	0.235638	0.432361	90.100000
0.537930	0.564023	0.202114	0.397811	90.200000
0.556537	0.602104	0.170308	0.363930	90.300000
0.572042	0.636831	0.140044	0.330713	90.400000
0.584591	0.668267	0.111148	0.298112	90.500000
0.594312	0.696472	0.083454	0.266057	90.600000
0.601317	0.721494	0.056810	0.234461	90.700000
0.605704	0.743376	0.031074	0.203230	90.800000
0.607558	0.762149	0.006119	0.172265	90.900000
0.606950	0.777834	-0.018173	0.141465	91.000000
0.603942	0.790444	-0.041908	0.110725	91.100000
0.598584	0.799978	-0.065186	0.079939	91.200000
0.590917	0.806427	-0.088096	0.048999	91.300000
0.580974	0.809769	-0.110724	0.017791	91.400000
0.568779	0.809972	-0.133149	-0.013800	91.500000
0.554348	0.806992	-0.155443	-0.045899	91.600000
0.537692	0.800771	-0.177677	-0.078635	91.700000
0.518813	0.791239	-0.199915	-0.112147	91.800000
0.497707	0.778311	-0.222216	-0.146584	91.900000
0.474366	0.761886	-0.244631	-0.182104	92.000000
0.448776	0.741848	-0.267202	-0.218876	92.100000
0.420919	0.718063	-0.289955	-0.257077	92.200000
0.390778	0.690379	-0.312894	-0.296889	92.300000
0.358335	0.658626	-0.335985	-0.338485	92.400000
0.323579	0.622618	-0.359145	-0.382016	92.500000
0.286510	0.582155	-0.382202	-0.427572	92.600000
0.247152	0.537036	-0.404863	-0.475127	92.700000
0.205566	0.487071	-0.426645	-0.524447	92.800000
0.161876	0.432107	-0.446804	-0.574942	92.900000
0.116295	0.372080	-0.464246	-0.625469	93.000000
0.069167	0.307075	-0.477484	-0.674110	93.100000
0.020999	0.237414	-0.484704	-0.718030	93.200000
-0.027511	0.163745	-0.484066	-0.753654	93.300000
-0.075507	0.087083	-0.474281	-0.777355	93.400000
-0.122056	0.008759	-0.455231	-0.786604	93.500000
-0.166286	-0.069738	-0.428223	-0.780946	93.600000
-0.207513	-0.146988	-0.395583	-0.762090	93.700000
-0.245302	-0.221817	-0.359879	-0.733075	93.800000
-0.279459	-0.293374	-0.323269	-0.697190	93.900000
-0.309976	-0.361120	-0.287246	-0.657238	94.000000
-0.336958	-0.424756	-0.252676	-0.615279	94.100000
-0.360573	-0.484155	-0.219965	-0.572684	94.200000
-0.381017	-0.539300	-0.189232	-0.530292	94.300000
-0.398484	-0.590237	-0.160430	-0.488573	94.400000
-0.413163	-0.637045	-0.133427	-0.447757	94.500000
-0.425224	-0.679821	-0.108061	-0.407924	94.600000
-0.434824	-0.718662	-0.084157	-0.369064	94.700000
-0.442099	-0.753664	-0.061550	-0.331114	94.800000
-0.447172	-0.784912	-0.040084	-0.293980	94.900000
-0.450149	-0.812484	-0.019618	-0.257552	95.000000
-0.451124	-0.836442	-0.000027	-0.221713	95.100000
-0.450180	-0.856842	0.018802	-0.186342	95.200000
-0.447386	-0.873722	0.036969	-0.151316	95.300000
-0.442805	-0.887112	0.054564	-0.116513	95.400000
-0.436490	-0.897028	0.071668	-0.081810	95.500000
-0.428485	-0.903474	0.088351	-0.047084	95.600000
-0.418831	-0.906440	0.104677	-0.012209	95.700000
-0.407560	-0.905906	0.120706	0.022943	95.800000
-0.394698	-0.901838	0.136487	0.058505	95.900000
-0.380269	-0.894187	0.152067	0.094615	96.000000
-0.364290	-0.882892	0.167486	0.131419	96.100000
-0.346776	-0.867875	0.182776	0.169068	96.200000
-0.327739	-0.849044	0.197960	0.207726	96.300000
-0.307187	-0.826291	0.213054	0.247561	96.400000
-0.285131	-0.799487	0.228058	0.288751	96.500000
-0.261579	-0.768489	0.242950	0.331476	96.600000
-0.236546	-0.733135	0.257684	0.375908	96.700000
-0.210051	-0.693246	0.272170	0.422198	96.800000
-0.182125	-0.648630	0.286260	0.470442	96.900000
-0.152820	-0.599092	0.299720	0.520632	97.000000
-0.122214	-0.544445	0.312196	0.572571	97.100000
-0.090431	-0.484536	0.323162	0.625744	97.200000
-0.057656	-0.419288	0.331879	0.679127	97.300000
-0.024162	-0.348761	0.337363	0.730961	97.400000
0.009669	-0.273236	0.338423	0.778558	97.500000
0.043334	-0.193310	0.333847	0.818329	97.600000
0.076220	-0.109965	0.322758	0.846304	97.700000
0.107664	-0.024554	0.305064	0.859219	97.800000
0.137043	0.061329	0.281700	0.855746	97.900000
0.163873	0.146083	0.254426	0.837018	98.000000
0.187865	0.228323	0.225253	0.806046	98.100000
0.208918	0.307008	0.195904	0.766526	98.200000
0.227080	0.381457	0.167559	0.721833	98.300000
0.242486	0.451290	0.140867	0.674550	98.400000
0.255317	0.516340	0.116090	0.626432	98.500000
0.265769	0.576585	0.093251	0.578565	98.600000
0.274029	0.632083	0.072247	0.531562	98.700000
0.280274	0.682936	0.052916	0.485723	98.800000
0.284662	0.729270	0.035081	0.441158	98.900000
0.287334	0.771210	0.018569	0.397857	99.000000
0.288415	0.808881	0.003221	0.355748	99.100000
0.288012	0.842396	-0.011105	0.314717	99.200000
0.286223	0.871856	-0.024534	0.274636	99.300000
0.283132	0.897350	-0.037174	0.235365	99.400000
0.278812	0.918951	-0.049118	0.196765	99.500000
0.273329	0.936720	-0.060446	0.158695	99.600000
0.266741	0.950703	-0.071228	0.121017	99.700000
0.259099	0.960932	-0.081523	0.083595	99.800000
0.250451	0.967426	-0.091380	0.046293	99.900000
0.240837	0.970190	-0.100842	0.008976	100.000000
