x1	x2	x3	x4	t
1.000000	0.000000	0.000000	0.100000	0.000000
0.987972	0.025000	-0.096775	0.098769	0.250000
0.951612	0.049384	-0.195782	0.094925	0.500000
0.890081	0.072462	-0.299357	0.087978	0.750000
0.801934	0.093374	-0.409928	0.076968	1.000000
0.685117	0.110946	-0.529527	0.060210	1.250000
0.537171	0.123479	-0.657670	0.034983	1.500000
0.356282	0.128438	-0.784569	-0.002157	1.750000
0.144886	0.122400	-0.878220	-0.051724	2.000000
-0.082828	0.102576	-0.891185	-0.103658	2.250000
-0.300706	0.070571	-0.813660	-0.141598	2.500000
-0.489658	0.031777	-0.687925	-0.159580	2.750000
-0.644669	-0.009219	-0.555013	-0.163055	3.000000
-0.767165	-0.049751	-0.430480	-0.158267	3.250000
-0.859909	-0.088353	-0.316412	-0.148802	3.500000
-0.925371	-0.124151	-0.210936	-0.136365	3.750000
-0.965377	-0.156535	-0.111480	-0.121663	4.000000
-0.981111	-0.184983	-0.015579	-0.104863	4.250000
-0.973167	-0.208966	0.079035	-0.085786	4.500000
-0.941593	-0.227876	0.174532	-0.063964	4.750000
-0.885901	-0.240949	0.273088	-0.038605	5.000000
-0.805049	-0.247178	0.376920	-0.008488	5.250000
-0.697441	-0.245193	0.488014	0.028185	5.500000
-0.561042	-0.233086	0.606798	0.073855	5.750000
-0.394041	-0.208265	0.727646	0.130806	6.000000
-0.197219	-0.167683	0.828116	0.197042	6.250000
0.020016	-0.109744	0.864120	0.258198	6.500000
0.234841	-0.038584	0.809316	0.292853	6.750000
0.424674	0.036683	0.692644	0.295304	7.000000
0.581163	0.109068	0.560363	0.277234	7.250000
0.704856	0.175299	0.434961	0.250049	7.500000
0.798643	0.234093	0.320950	0.219287	7.750000
0.865331	0.284943	0.216886	0.186980	8.000000
0.907086	0.327583	0.120140	0.153630	8.250000
0.925401	0.361758	0.028162	0.119070	8.500000
0.921167	0.387118	-0.061326	0.082786	8.750000
0.894738	0.403151	-0.150404	0.043996	9.000000
0.845965	0.409116	-0.241064	0.001628	9.250000
0.774206	0.403965	-0.335271	-0.045773	9.500000
0.678329	0.386229	-0.434823	-0.100160	9.750000
0.556794	0.353885	-0.540552	-0.163962	10.000000
0.408053	0.304248	-0.649500	-0.239208	10.250000
0.232044	0.234281	-0.747221	-0.323471	10.500000
0.034443	0.142513	-0.798489	-0.400520	10.750000
-0.167201	0.034021	-0.768175	-0.441781	11.000000
-0.349645	-0.078378	-0.667737	-0.435687	11.250000
-0.501069	-0.183823	-0.542002	-0.398413	11.500000
-0.620646	-0.277584	-0.420190	-0.349053	11.750000
-0.711164	-0.358349	-0.310031	-0.296836	12.000000
-0.775661	-0.426002	-0.210820	-0.244707	12.250000
-0.816574	-0.480702	-0.119980	-0.193093	12.500000
-0.835651	-0.522549	-0.034925	-0.141506	12.750000
-0.834036	-0.551456	0.046599	-0.089088	13.000000
-0.812352	-0.567093	0.126556	-0.034752	13.250000
-0.770758	-0.568832	0.206735	0.022832	13.500000
-0.708984	-0.555677	0.288823	0.085323	13.750000
-0.626347	-0.526170	0.374342	0.154814	14.000000
-0.521813	-0.478270	0.464185	0.233811	14.250000
-0.394254	-0.409265	0.556915	0.324475	14.500000
-0.243356	-0.316032	0.643793	0.425135	14.750000
-0.072358	-0.196697	0.699935	0.520679	15.000000
0.106611	-0.055693	0.690341	0.577358	15.250000
0.272813	0.091982	0.610619	0.572429	15.500000
0.411921	0.230522	0.497187	0.521004	15.750000
0.521406	0.352484	0.383611	0.451120	16.000000
0.603727	0.456082	0.281238	0.378098	16.250000
0.662025	0.541533	0.190379	0.306780	16.500000
0.698916	0.609472	0.108611	0.237790	16.750000
0.716331	0.660427	0.033369	0.170365	17.000000
0.715601	0.694654	-0.037535	0.103306	17.250000
0.697563	0.712081	-0.105926	0.035226	17.500000
0.662637	0.712267	-0.173371	-0.035444	17.750000
0.610877	0.694359	-0.241261	-0.110532	18.000000
0.542007	0.657001	-0.310798	-0.192239	18.250000
0.455478	0.598239	-0.382726	-0.283135	18.500000
0.350644	0.515434	-0.456337	-0.385609	18.750000
0.227310	0.405435	-0.526494	-0.499138	19.000000
0.087397	0.265864	-0.577218	-0.611713	19.250000
-0.061299	0.099578	-0.580065	-0.689052	19.500000
-0.202636	-0.078662	-0.521106	-0.695785	19.750000
-0.321852	-0.248315	-0.424435	-0.638161	20.000000
-0.414854	-0.397742	-0.323540	-0.551244	20.250000
-0.483622	-0.523936	-0.232860	-0.459044	20.500000
-0.531284	-0.627264	-0.153812	-0.369822	20.750000
-0.560528	-0.708847	-0.084183	-0.284862	21.000000
-0.573375	-0.769695	-0.021477	-0.203237	21.250000
-0.571266	-0.810466	0.036389	-0.123424	21.500000
-0.555181	-0.831407	0.091068	-0.043744	21.750000
-0.525733	-0.832338	0.143888	0.037592	22.000000
-0.483237	-0.812611	0.195937	0.122551	22.250000
-0.427764	-0.771062	0.248078	0.213396	22.500000
-0.359198	-0.705913	0.300787	0.312723	22.750000
-0.277370	-0.614701	0.353590	0.423087	23.000000
-0.182403	-0.494370	0.403377	0.545040	23.250000
-0.075682	-0.342181	0.440495	0.670290	23.500000
0.037844	-0.159225	0.445356	0.768633	23.750000
0.146996	0.042136	0.402293	0.795606	24.000000
0.238991	0.238578	0.324077	0.741944	24.250000
0.309035	0.413107	0.239445	0.643670	24.500000
0.358713	0.560413	0.164075	0.535107	24.750000
0.391072	0.680661	0.100127	0.429978	25.000000
0.408777	0.775402	0.045523	0.330983	25.250000
0.413834	0.846153	-0.002159	0.237229	25.500000
0.407697	0.894017	-0.044858	0.146913	25.750000
0.391405	0.919609	-0.084023	0.058076	26.000000
0.365686	0.923055	-0.120724	-0.031269	26.250000
0.331043	0.903975	-0.155741	-0.123203	26.500000
0.287815	0.861453	-0.189591	-0.220014	26.750000
0.236248	0.793968	-0.222435	-0.324261	27.000000
0.176598	0.699323	-0.253745	-0.438563	27.250000
0.109375	0.574686	-0.281399	-0.564263	27.500000
0.035898	0.417191	-0.299624	-0.696423	27.750000
-0.040437	0.226475	-0.296648	-0.811553	28.000000
-0.112426	0.011415	-0.260892	-0.862988	28.250000
-0.170883	-0.205019	-0.198845	-0.823763	28.500000
-0.211848	-0.400467	-0.132245	-0.722026	28.750000
-0.237005	-0.566032	-0.075104	-0.601299	29.000000
-0.249400	-0.701116	-0.029199	-0.483048	29.250000
-0.251605	-0.807556	0.007776	-0.372492	29.500000
-0.245512	-0.887362	0.038242	-0.269093	29.750000
-0.232484	-0.942102	0.063984	-0.170852	30.000000
-0.213520	-0.972788	0.086213	-0.075559	30.250000
-0.189378	-0.979882	0.105717	0.018958	30.500000
-0.160662	-0.963309	0.122966	0.114865	30.750000
-0.127895	-0.922449	0.138138	0.214439	31.000000
-0.091592	-0.856090	0.151063	0.320153	31.250000
-0.052363	-0.762373	0.161018	0.434578	31.500000
-0.011083	-0.638801	0.166251	0.559525	31.750000
0.030762	-0.482610	0.163058	0.692616	32.000000
0.070446	-0.292493	0.145011	0.817442	32.250000
0.103268	-0.073890	0.106673	0.892028	32.500000
0.123782	0.153521	0.054400	0.875340	32.750000
0.130468	0.363780	0.004705	0.779591	33.000000
0.126134	0.543316	-0.032595	0.652402	33.250000
0.114170	0.689981	-0.058116	0.524665	33.500000
0.097077	0.805649	-0.075256	0.405560	33.750000
0.076542	0.892761	-0.086686	0.295391	34.000000
0.053733	0.953344	-0.094067	0.192095	34.250000
0.029509	0.988809	-0.098349	0.093250	34.500000
0.004559	0.999969	-0.100019	-0.003473	34.750000
-0.020501	0.987073	-0.099226	-0.100302	35.000000
-0.045054	0.949818	-0.095821	-0.199473	35.250000
-0.068411	0.887336	-0.089311	-0.303330	35.500000
-0.089710	0.798153	-0.078723	-0.414306	35.750000
-0.107773	0.680183	-0.062346	-0.534397	36.000000
-0.120883	0.530954	-0.037410	-0.662932	36.250000
-0.126478	0.348717	-0.000422	-0.789489	36.500000
-0.121094	0.136210	0.049025	-0.880950	36.750000
-0.101965	-0.091758	0.100631	-0.890168	37.000000
-0.070778	-0.308874	0.138195	-0.809783	37.250000
-0.032868	-0.496650	0.156135	-0.683210	37.500000
0.007289	-0.650479	0.159902	-0.550499	37.750000
0.047083	-0.771899	0.155558	-0.426384	38.000000
0.085068	-0.863671	0.146582	-0.312671	38.250000
0.120374	-0.928235	0.134631	-0.207430	38.500000
0.152384	-0.967386	0.120398	-0.108090	38.750000
0.180573	-0.982280	0.104046	-0.012194	39.000000
0.204407	-0.973483	0.085397	0.082520	39.250000
0.223271	-0.941019	0.063982	0.178223	39.500000
0.236397	-0.884372	0.039005	0.277096	39.750000
0.242774	-0.802471	0.009240	0.381365	40.000000
0.241017	-0.693689	-0.027132	0.492998	40.250000
0.229208	-0.555973	-0.072568	0.612308	40.500000
0.204733	-0.387535	-0.129327	0.733241	40.750000
0.164544	-0.189352	-0.195191	0.832359	41.000000
0.107138	0.028644	-0.255451	0.865080	41.250000
0.036819	0.243188	-0.289032	0.806951	41.500000
-0.037378	0.432120	-0.291000	0.688815	41.750000
-0.108681	0.587596	-0.273106	0.556449	42.000000
-0.173931	0.710344	-0.246396	0.431352	42.250000
-0.231879	0.803272	-0.216181	0.317632	42.500000
-0.282022	0.869160	-0.184410	0.213748	42.750000
-0.324084	0.910146	-0.151557	0.117065	43.000000
-0.357800	0.927693	-0.117453	0.025042	43.250000
-0.382810	0.922667	-0.081583	-0.064591	43.500000
-0.398592	0.895397	-0.043167	-0.153912	43.750000
-0.404394	0.845711	-0.001131	-0.244918	44.000000
-0.399157	0.772938	0.045989	-0.339582	44.250000
-0.381400	0.675920	0.100158	-0.439693	44.500000
-0.349078	0.553091	0.163813	-0.546020	44.750000
-0.299493	0.402910	0.238931	-0.655333	45.000000
-0.229613	0.225425	0.322806	-0.752435	45.250000
-0.138090	0.026693	0.398661	-0.801226	45.500000
-0.030282	-0.175188	0.438138	-0.767572	45.750000
0.080979	-0.357093	0.430867	-0.665110	46.000000
0.185151	-0.507743	0.393476	-0.538935	46.250000
0.277717	-0.626561	0.344555	-0.417277	46.500000
0.357429	-0.716381	0.292926	-0.307325	46.750000
0.424180	-0.780223	0.241375	-0.208228	47.000000
0.478116	-0.820495	0.190283	-0.117391	47.250000
0.519322	-0.838919	0.139158	-0.032238	47.500000
0.547695	-0.836614	0.087141	0.049475	47.750000
0.562892	-0.814182	0.033146	0.129710	48.000000
0.564268	-0.771759	-0.024156	0.210259	48.250000
0.550814	-0.709052	-0.086432	0.292812	48.500000
0.521052	-0.625353	-0.155788	0.378892	48.750000
0.472920	-0.519606	-0.234731	0.469356	49.000000
0.403686	-0.390675	-0.325377	0.562606	49.250000
0.310231	-0.238303	-0.425781	0.649402	49.500000
0.190796	-0.065974	-0.520152	0.703980	49.750000
0.050156	0.113687	-0.574541	0.691490	50.000000
-0.096475	0.279771	-0.567588	0.609433	50.250000
-0.233639	0.418403	-0.515522	0.495193	50.500000
-0.354236	0.527368	-0.445936	0.381589	50.750000
-0.456607	0.609198	-0.373506	0.279319	51.000000
-0.540989	0.667027	-0.302797	0.188496	51.250000
-0.608005	0.703446	-0.234350	0.106665	51.500000
-0.658164	0.720360	-0.167388	0.031268	51.750000
-0.691699	0.719080	-0.100714	-0.039871	52.000000
-0.708521	0.700424	-0.032942	-0.108573	52.250000
-0.708170	0.664793	0.037494	-0.176406	52.500000
-0.689774	0.612221	0.112430	-0.244765	52.750000
-0.651955	0.542411	0.194076	-0.314851	53.000000
-0.592736	0.454796	0.285009	-0.387391	53.250000
-0.509451	0.348715	0.387580	-0.461586	53.500000
-0.398946	0.224003	0.501046	-0.531992	53.750000
-0.258928	0.082719	0.612713	-0.581951	54.000000
-0.092589	-0.066973	0.687624	-0.582660	54.250000
0.084884	-0.208611	0.691536	-0.521436	54.500000
0.253179	-0.327691	0.632508	-0.423681	54.750000
0.401138	-0.420451	0.545594	-0.322571	55.000000
0.525976	-0.488976	0.453936	-0.231881	55.250000
0.628106	-0.536392	0.365333	-0.152780	55.500000
0.708642	-0.565366	0.280928	-0.083014	55.750000
0.768570	-0.577899	0.199763	-0.020093	56.000000
0.808524	-0.575412	0.120315	0.038056	56.250000
0.828728	-0.558871	0.040909	0.093079	56.500000
0.828978	-0.528873	-0.040239	0.146302	56.750000
0.808608	-0.485719	-0.125104	0.198817	57.000000
0.766427	-0.429464	-0.215956	0.251486	57.250000
0.700630	-0.359977	-0.315399	0.304778	57.500000
0.608727	-0.277075	-0.425968	0.358166	57.750000
0.487646	-0.180894	-0.548049	0.408367	58.000000
0.334702	-0.072892	-0.672767	0.445289	58.250000
0.151263	0.041751	-0.768943	0.448860	58.500000
-0.049769	0.151538	-0.792579	0.403982	58.750000
-0.245026	0.243742	-0.736607	0.324626	59.000000
-0.418072	0.313851	-0.637842	0.239642	59.250000
-0.563948	0.363563	-0.529686	0.164154	59.500000
-0.682915	0.395928	-0.425158	0.100059	59.750000
-0.776527	0.413593	-0.326718	0.045238	60.000000
-0.846274	0.418547	-0.233413	-0.002724	60.250000
-0.893234	0.412230	-0.143439	-0.045755	60.500000
-0.917994	0.395669	-0.054842	-0.085296	60.750000
-0.920654	0.369583	0.034362	-0.122413	61.000000
-0.900813	0.334463	0.126255	-0.157888	61.250000
-0.857527	0.290638	0.223133	-0.192240	61.500000
-0.789246	0.238343	0.327564	-0.225624	61.750000
-0.693745	0.177827	0.442158	-0.257483	62.000000
-0.568167	0.109601	0.568147	-0.285602	62.250000
-0.409671	0.035026	0.700151	-0.303959	62.500000
-0.218092	-0.042378	0.813659	-0.300417	62.750000
-0.002841	-0.115183	0.861685	-0.263532	63.000000
0.212751	-0.174144	0.819305	-0.200598	63.250000
0.406811	-0.215482	0.716383	-0.133643	63.500000
0.570942	-0.240966	0.595811	-0.076313	63.750000
0.704717	-0.253638	0.478100	-0.030174	64.000000
0.809992	-0.256053	0.368080	0.007101	64.250000
0.888757	-0.250087	0.265111	0.037917	64.500000
0.942548	-0.237095	0.167184	0.064041	64.750000
0.972348	-0.218067	0.072091	0.086676	65.000000
0.978594	-0.193757	-0.022330	0.106609	65.250000
0.961184	-0.164763	-0.118246	0.124308	65.500000
0.919471	-0.131603	-0.217939	0.139952	65.750000
0.852214	-0.094787	-0.323893	0.153366	66.000000
0.757524	-0.054920	-0.438677	0.163813	66.250000
0.632876	-0.012881	-0.564035	0.169488	66.500000
0.475507	0.029825	-0.697279	0.166567	66.750000
0.284236	0.070403	-0.821124	0.148434	67.000000
0.064945	0.104041	-0.892696	0.109673	67.250000
-0.162112	0.125240	-0.872313	0.057049	67.500000
-0.371211	0.132566	-0.774557	0.007220	67.750000
-0.549390	0.128850	-0.647131	-0.030247	68.000000
-0.694777	0.117443	-0.519813	-0.056064	68.250000
-0.809297	0.100818	-0.401202	-0.073585	68.500000
-0.895378	0.080650	-0.291432	-0.085434	68.750000
-0.955013	0.058101	-0.188413	-0.093248	69.000000
-0.989584	0.034026	-0.089727	-0.097967	69.250000
-0.999876	0.009117	0.006945	-0.100076	69.500000
-0.986111	-0.016011	0.103831	-0.099723	69.750000
-0.947961	-0.040744	0.203168	-0.096757	70.000000
-0.884527	-0.064390	0.307310	-0.090684	70.250000
-0.794306	-0.086086	0.418694	-0.080519	70.500000
-0.675180	-0.104649	0.539277	-0.064523	70.750000
-0.524667	-0.118348	0.668188	-0.039876	71.000000
-0.341086	-0.124587	0.794347	-0.003033	71.250000
-0.127493	-0.119864	0.883526	0.046302	71.500000
0.100677	-0.101436	0.888978	0.097592	71.750000
0.316996	-0.071068	0.805814	0.134804	72.000000
0.503584	-0.034034	0.678470	0.152723	72.250000
0.656231	0.005293	0.545984	0.156790	72.500000
0.776576	0.044361	0.422290	0.152893	72.750000
0.867376	0.081740	0.308931	0.144403	73.000000
0.931041	0.116562	0.203922	0.132937	73.250000
0.969337	0.148208	0.104695	0.119171	73.500000
0.983389	0.176148	0.008802	0.103266	73.750000
0.973738	0.199841	-0.086014	0.085044	74.000000
0.940382	0.218670	-0.181924	0.064037	74.250000
0.882776	0.231860	-0.281118	0.039444	74.500000
0.799823	0.238392	-0.385827	0.010030	74.750000
0.689863	0.236874	-0.497999	-0.026039	75.000000
0.550823	0.225372	-0.617829	-0.071241	75.250000
0.380948	0.201254	-0.738808	-0.127807	75.500000
0.181419	0.161469	-0.836488	-0.193290	75.750000
-0.037295	0.104609	-0.865867	-0.252653	76.000000
-0.251515	0.035142	-0.804461	-0.285190	76.250000
-0.439526	-0.037986	-0.684940	-0.286714	76.500000
-0.593985	-0.108215	-0.552522	-0.269016	76.750000
-0.715787	-0.172494	-0.427737	-0.242785	77.000000
-0.807853	-0.229608	-0.314307	-0.213117	77.250000
-0.872940	-0.279053	-0.210600	-0.181878	77.500000
-0.913154	-0.320547	-0.113978	-0.149521	77.750000
-0.929930	-0.353813	-0.021909	-0.115871	78.000000
-0.924108	-0.378482	0.067870	-0.080415	78.250000
-0.895994	-0.394021	0.157437	-0.042374	78.500000
-0.845390	-0.399669	0.248793	-0.000669	78.750000
-0.771598	-0.394355	0.343915	0.046170	79.000000
-0.673432	-0.376584	0.444588	0.100121	79.250000
-0.549304	-0.344295	0.551509	0.163628	79.500000
-0.397678	-0.294770	0.661164	0.238613	79.750000
-0.218722	-0.224988	0.757581	0.322082	80.000000
-0.018887	-0.133729	0.803813	0.396719	80.250000
0.183184	-0.026629	0.766826	0.434429	80.500000
0.364526	0.083485	0.662413	0.426038	80.750000
0.514391	0.186391	0.535841	0.388568	81.000000
0.632446	0.277769	0.414348	0.340097	81.250000
0.721565	0.356439	0.304603	0.289056	81.500000
0.784748	0.422297	0.205619	0.238080	81.750000
0.824374	0.475479	0.114785	0.187509	82.000000
0.842140	0.516052	0.029533	0.136843	82.250000
0.839141	0.543900	-0.052371	0.085224	82.500000
0.815955	0.558664	-0.132887	0.031571	82.750000
0.772697	0.559686	-0.213808	-0.025450	83.000000
0.709051	0.545939	-0.296829	-0.087512	83.250000
0.624283	0.515930	-0.383473	-0.156732	83.500000
0.517314	0.467573	-0.474559	-0.235622	83.750000
0.387003	0.398118	-0.568317	-0.326244	84.000000
0.233156	0.304451	-0.654984	-0.426371	84.250000
0.059511	0.184933	-0.707918	-0.519525	84.500000
-0.120803	0.044689	-0.692500	-0.571615	84.750000
-0.286739	-0.100874	-0.608156	-0.562699	85.000000
-0.424881	-0.236660	-0.493158	-0.510051	85.250000
-0.533318	-0.355900	-0.379541	-0.440785	85.500000
-0.614652	-0.457053	-0.277378	-0.368951	85.750000
-0.672007	-0.540375	-0.186590	-0.298849	86.000000
-0.707947	-0.606478	-0.104695	-0.230943	86.250000
-0.724354	-0.655847	-0.029143	-0.164441	86.500000
-0.722518	-0.688698	0.042233	-0.098149	86.750000
-0.703238	-0.704921	0.111248	-0.030685	87.000000
-0.666894	-0.704041	0.179471	0.039519	87.250000
-0.613502	-0.685162	0.248300	0.114304	87.500000
-0.542744	-0.646889	0.318938	0.195889	87.750000
-0.454033	-0.587217	0.392093	0.286860	88.000000
-0.346698	-0.503459	0.466866	0.389526	88.250000
-0.220600	-0.392454	0.537494	0.502909	88.500000
-0.077951	-0.252005	0.586624	0.613615	88.750000
0.072712	-0.085647	0.585142	0.686058	89.000000
0.214620	0.091024	0.521670	0.687190	89.250000
0.333547	0.257949	0.422875	0.626839	89.500000
0.426057	0.404444	0.321568	0.539966	89.750000
0.494331	0.527931	0.230872	0.448858	90.000000
0.541493	0.628873	0.151718	0.360876	90.250000
0.570190	0.708369	0.081815	0.277023	90.500000
0.582401	0.767384	0.018678	0.196314	90.750000
0.579529	0.806526	-0.039754	0.117229	91.000000
0.562524	0.825998	-0.095121	0.038096	91.250000
0.531969	0.825574	-0.148750	-0.042867	91.500000
0.488149	0.804565	-0.201732	-0.127638	91.750000
0.431103	0.761755	-0.254932	-0.218499	92.000000
0.360683	0.695315	-0.308808	-0.318061	92.250000
0.276699	0.602725	-0.362781	-0.428832	92.500000
0.179293	0.480900	-0.413382	-0.551027	92.750000
0.070008	0.327212	-0.450066	-0.675165	93.000000
-0.045740	0.143317	-0.452291	-0.769106	93.250000
-0.156138	-0.057341	-0.405586	-0.789410	93.500000
-0.248533	-0.251388	-0.325118	-0.731214	93.750000
-0.318697	-0.422948	-0.239800	-0.632020	94.000000
-0.368433	-0.567398	-0.164197	-0.524288	94.250000
-0.400795	-0.685092	-0.099957	-0.420364	94.500000
-0.418411	-0.777580	-0.044918	-0.322476	94.750000
-0.423254	-0.846330	0.003324	-0.229618	95.000000
-0.416749	-0.892389	0.046687	-0.139982	95.250000
-0.399911	-0.916321	0.086603	-0.051622	95.500000
-0.373448	-0.918200	0.124137	0.037442	95.750000
-0.337842	-0.897600	0.160073	0.129296	96.000000
-0.293411	-0.853552	0.194929	0.226242	96.250000
-0.240378	-0.784479	0.228854	0.330860	96.500000
-0.178984	-0.688122	0.261264	0.445745	96.750000
-0.109746	-0.561606	0.289841	0.572015	97.000000
-0.034064	-0.402115	0.308308	0.703825	97.250000
0.044408	-0.209694	0.304156	0.815631	97.500000
0.118014	0.005701	0.266116	0.860211	97.750000
0.177466	0.220412	0.202302	0.814747	98.000000
0.219165	0.413074	0.135001	0.710722	98.250000
0.244966	0.575772	0.077483	0.590336	98.500000
0.257906	0.708242	0.031110	0.473171	98.750000
0.260521	0.812358	-0.006466	0.363684	99.000000
0.254674	0.890084	-0.037630	0.261144	99.250000
0.241707	0.942930	-0.064135	0.163526	99.500000
0.222606	0.971847	-0.087176	0.068633	99.750000
0.198118	0.977246	-0.107537	-0.025694	100.000000
