x1	x2	x3	x4	t
1.000000	0.000000	0.000000	0.100000	0.000000
0.951519	0.049179	-0.195403	0.094995	0.500000
0.801546	0.092927	-0.409184	0.077318	1.000000
0.536324	0.122665	-0.657431	0.036074	1.500000
0.145037	0.121061	-0.885688	-0.050310	2.000000
-0.295325	0.070722	-0.816955	-0.142135	2.500000
-0.639497	-0.007870	-0.554351	-0.162738	3.000000
-0.855090	-0.086441	-0.315028	-0.148442	3.500000
-0.960201	-0.154283	-0.109476	-0.121421	4.000000
-0.966895	-0.206428	0.081854	-0.085636	4.500000
-0.877702	-0.238047	0.277026	-0.038455	5.000000
-0.686282	-0.241641	0.493568	0.028518	5.500000
-0.379163	-0.203422	0.735609	0.131761	6.000000
0.033733	-0.104087	0.871896	0.260924	6.500000
0.432183	0.039282	0.683022	0.292150	7.000000
0.707795	0.175085	0.424204	0.245381	7.500000
0.863843	0.282320	0.206518	0.182565	8.000000
0.918995	0.356878	0.017142	0.114821	8.500000
0.882463	0.395886	-0.163168	0.039442	9.000000
0.754567	0.393772	-0.351010	-0.051443	9.500000
0.527744	0.339513	-0.560308	-0.172119	10.000000
0.193348	0.214038	-0.766134	-0.334224	10.500000
-0.201257	0.013647	-0.758185	-0.441408	11.000000
-0.523127	-0.197198	-0.516849	-0.384295	11.500000
-0.722309	-0.364169	-0.287683	-0.282243	12.000000
-0.817709	-0.479493	-0.099150	-0.179331	12.500000
-0.824933	-0.543312	0.068215	-0.075201	13.000000
-0.750201	-0.553137	0.231205	0.038377	13.500000
-0.592121	-0.501240	0.403705	0.174385	14.000000
-0.343718	-0.371896	0.590579	0.350716	14.500000
-0.010135	-0.146146	0.714982	0.541681	15.000000
0.322213	0.136459	0.574791	0.550197	15.500000
0.551355	0.380268	0.345146	0.417257	16.000000
0.675139	0.553006	0.157119	0.275041	16.500000
0.713835	0.656532	0.001438	0.139733	17.000000
0.678928	0.692480	-0.139871	0.002862	17.500000
0.574126	0.657014	-0.280094	-0.148443	18.000000
0.397420	0.538692	-0.428257	-0.331894	18.500000
0.146369	0.317327	-0.568261	-0.557168	19.000000
-0.146184	-0.005501	-0.562525	-0.695746	19.500000
-0.381566	-0.330765	-0.367409	-0.576696	20.000000
-0.517750	-0.573656	-0.185025	-0.395262	20.500000
-0.573473	-0.728505	-0.043122	-0.226545	21.000000
-0.564574	-0.801607	0.076225	-0.066244	21.500000
-0.498741	-0.793887	0.186428	0.099254	22.000000
-0.378188	-0.698717	0.296183	0.286757	22.500000
-0.202383	-0.500090	0.405528	0.515400	23.000000
0.019847	-0.180133	0.463789	0.749760	23.500000
0.228987	0.205624	0.346894	0.740591	24.000000
0.359422	0.527320	0.179562	0.536694	24.500000
0.416094	0.743483	0.053566	0.331731	25.000000
0.417819	0.862337	-0.043172	0.145936	25.500000
0.375377	0.890275	-0.124908	-0.034630	26.000000
0.294042	0.825781	-0.199691	-0.226836	26.500000
0.176371	0.658202	-0.269877	-0.450384	27.000000
0.027195	0.368238	-0.319137	-0.711195	27.500000
-0.125818	-0.035069	-0.270549	-0.854528	28.000000
-0.227280	-0.427929	-0.133723	-0.682651	28.500000
-0.266205	-0.709271	-0.029076	-0.445271	29.000000
-0.262003	-0.877966	0.041755	-0.233769	29.500000
-0.227470	-0.945819	0.094131	-0.039019	30.000000
-0.169629	-0.916817	0.135778	0.156682	30.500000
-0.093105	-0.785836	0.168694	0.372279	31.000000
-0.003394	-0.538004	0.185910	0.625509	31.500000
0.084671	-0.160227	0.153596	0.864744	32.000000
0.136381	0.274009	0.048625	0.813788	32.500000
0.138668	0.619926	-0.031621	0.562607	33.000000
0.111337	0.840360	-0.073103	0.324941	33.500000
0.068852	0.949644	-0.094410	0.115519	34.000000
0.018911	0.957519	-0.103596	-0.083890	34.500000
-0.032946	0.864288	-0.101799	-0.292118	35.000000
-0.080224	0.660680	-0.083580	-0.528328	35.500000
-0.110830	0.330807	-0.030840	-0.788396	36.000000
-0.102120	-0.101530	0.068011	-0.886380	36.500000
-0.050256	-0.497237	0.128301	-0.667292	37.000000
0.017273	-0.765053	0.136442	-0.409292	37.500000
0.082837	-0.912916	0.123601	-0.187416	38.000000
0.139098	-0.955933	0.099837	0.013473	38.500000
0.180919	-0.899702	0.065387	0.212703	39.000000
0.201805	-0.740422	0.014570	0.428737	39.500000
0.190481	-0.465783	-0.066505	0.673437	40.000000
0.127826	-0.073063	-0.186608	0.867201	40.500000
0.013192	0.343478	-0.253904	0.746793	41.000000
-0.110096	0.650973	-0.230631	0.482385	41.500000
-0.213378	0.832300	-0.180600	0.249762	42.000000
-0.289445	0.905973	-0.122582	0.048500	42.500000
-0.334610	0.882667	-0.056333	-0.141339	43.000000
-0.343340	0.763553	0.024753	-0.337613	43.500000
-0.305227	0.541361	0.133853	-0.555240	44.000000
-0.202120	0.207232	0.283519	-0.770486	44.500000
-0.027688	-0.192380	0.391919	-0.773165	45.000000
0.162177	-0.522037	0.350252	-0.530966	45.500000
0.315465	-0.726459	0.260842	-0.294073	46.000000
0.422487	-0.822810	0.167059	-0.096426	46.500000
0.481962	-0.826196	0.069774	0.081066	47.000000
0.490396	-0.742150	-0.038837	0.255997	47.500000
0.439061	-0.568151	-0.172073	0.442940	48.000000
0.311205	-0.296725	-0.346340	0.640954	48.500000
0.092088	0.056664	-0.512576	0.733393	49.000000
-0.165723	0.385331	-0.486765	0.549761	49.500000
-0.378692	0.600711	-0.360612	0.317384	50.000000
-0.526101	0.710236	-0.229896	0.127071	50.500000
-0.609114	0.732352	-0.102081	-0.035574	51.000000
-0.627165	0.676306	0.031896	-0.188145	51.500000
-0.573914	0.543616	0.185901	-0.344100	52.000000
-0.434789	0.330432	0.378149	-0.509145	52.500000
-0.190537	0.040247	0.591229	-0.630596	53.000000
0.124411	-0.259004	0.624494	-0.526954	53.500000
0.401856	-0.468752	0.473240	-0.312776	54.000000
0.596071	-0.578977	0.305299	-0.135265	54.500000
0.708936	-0.609566	0.147329	0.008921	55.000000
0.743465	-0.572661	-0.010251	0.137196	55.500000
0.696298	-0.472943	-0.182285	0.261870	56.000000
0.555603	-0.310194	-0.387640	0.389431	56.500000
0.301614	-0.085895	-0.628560	0.497608	57.000000
-0.052347	0.161654	-0.741701	0.457871	57.500000
-0.391285	0.346503	-0.588314	0.276016	58.000000
-0.634491	0.443355	-0.386074	0.118725	58.500000
-0.780350	0.471379	-0.199939	-0.002035	59.000000
-0.835778	0.444564	-0.021901	-0.103014	59.500000
-0.800943	0.369769	0.164030	-0.195377	60.000000
-0.667264	0.249643	0.376908	-0.284630	60.500000
-0.416783	0.086863	0.629769	-0.361145	61.000000
-0.045874	-0.097287	0.817973	-0.351350	61.500000
0.344003	-0.239806	0.698197	-0.208884	62.000000
0.635866	-0.309718	0.468336	-0.077849	62.500000
0.815996	-0.324119	0.256168	0.015340	63.000000
0.894780	-0.297964	0.060383	0.086672	63.500000
0.876246	-0.239373	-0.136152	0.146232	64.000000
0.755319	-0.153000	-0.352613	0.197919	64.500000
0.517106	-0.043559	-0.606496	0.235837	65.000000
0.149446	0.074234	-0.842025	0.220514	65.500000
-0.272119	0.159165	-0.787818	0.110580	66.000000
-0.606568	0.187780	-0.542874	0.011012	66.500000
-0.818094	0.176852	-0.308311	-0.049785	67.000000
-0.919004	0.141603	-0.098066	-0.088537	67.500000
-0.917225	0.090448	0.105665	-0.114267	68.000000
-0.811194	0.029132	0.322296	-0.128994	68.500000
-0.589501	-0.035842	0.570602	-0.126876	69.000000
-0.237758	-0.091082	0.824947	-0.084389	69.500000
0.194287	-0.109682	0.843499	0.012941	70.000000
0.559217	-0.084397	0.599856	0.079294	70.500000
0.795118	-0.037654	0.349391	0.102881	71.000000
0.913958	0.015177	0.129960	0.106053	71.500000
0.927300	0.066394	-0.075957	0.096960	72.000000
0.836980	0.110120	-0.287965	0.075561	72.500000
0.635121	0.138797	-0.524797	0.034812	73.000000
0.308141	0.138758	-0.778615	-0.042560	73.500000
-0.115393	0.090132	-0.860916	-0.148828	74.000000
-0.496497	0.002740	-0.636230	-0.187189	74.500000
-0.748582	-0.087979	-0.377543	-0.170832	75.000000
-0.880361	-0.165283	-0.154691	-0.136570	75.500000
-0.906577	-0.222969	0.048144	-0.092576	76.000000
-0.832260	-0.255904	0.250615	-0.036680	76.500000
-0.652979	-0.256272	0.470724	0.039779	77.000000
-0.357518	-0.209965	0.710460	0.152522	77.500000
0.040438	-0.099161	0.837388	0.283990	78.000000
0.421255	0.053921	0.648473	0.307106	78.500000
0.679844	0.194764	0.390035	0.250564	79.000000
0.818184	0.302139	0.169376	0.177895	79.500000
0.853477	0.371744	-0.025589	0.099430	80.000000
0.793596	0.399913	-0.214378	0.010888	80.500000
0.637285	0.379249	-0.413865	-0.098208	81.000000
0.376460	0.295481	-0.630213	-0.243996	81.500000
0.017022	0.130591	-0.775075	-0.408068	82.000000
-0.344876	-0.086944	-0.629518	-0.431634	82.500000
-0.597001	-0.281058	-0.380973	-0.336968	83.000000
-0.732849	-0.421771	-0.169102	-0.225709	83.500000
-0.771092	-0.506704	0.012778	-0.113621	84.000000
-0.721859	-0.534217	0.183705	0.005614	84.500000
-0.586606	-0.497862	0.359137	0.144418	85.000000
-0.360516	-0.383576	0.545996	0.319971	85.500000
-0.047019	-0.172812	0.684435	0.516144	86.000000
0.278693	0.103754	0.575803	0.551110	86.500000
0.509244	0.349890	0.346370	0.422187	87.000000
0.631872	0.523680	0.151120	0.273688	87.500000
0.665789	0.624489	-0.011625	0.129975	88.000000
0.622602	0.653092	-0.159987	-0.017172	88.500000
0.505885	0.604371	-0.307659	-0.182151	89.000000
0.313862	0.464832	-0.460537	-0.383243	89.500000
0.050330	0.215772	-0.575967	-0.606836	90.000000
-0.225801	-0.111682	-0.490766	-0.657115	90.500000
-0.420587	-0.404477	-0.287456	-0.498787	91.000000
-0.519877	-0.607850	-0.116689	-0.316294	91.500000
-0.542827	-0.722712	0.020861	-0.144477	92.000000
-0.501704	-0.752450	0.142010	0.026619	92.500000
-0.401593	-0.693524	0.258299	0.213243	93.000000
-0.243403	-0.533334	0.373639	0.434587	93.500000
-0.032582	-0.253534	0.455868	0.679083	94.000000
0.184249	0.114921	0.380987	0.743930	94.500000
0.331701	0.446111	0.208541	0.561514	95.000000
0.399423	0.673363	0.069135	0.349915	95.500000
0.406232	0.798994	-0.037935	0.154835	96.000000
0.364290	0.829031	-0.127907	-0.035224	96.500000
0.279636	0.761644	-0.209793	-0.238101	97.000000
0.155488	0.585415	-0.284984	-0.473557	97.500000
-0.000550	0.282865	-0.327943	-0.731553	98.000000
-0.151305	-0.115472	-0.253173	-0.807875	98.500000
-0.242791	-0.474902	-0.114624	-0.606968	99.000000
-0.272859	-0.718941	-0.012087	-0.372384	99.500000
-0.259876	-0.851229	0.060354	-0.159847	100.000000
