x1	x2	t
30.000000	3.000000	0.000000
28.4693969151	2.4874568617	0.100000
27.1448095160	2.0536907191	0.200000
25.9851456102	1.6892746024	0.300000
24.9581474278	1.3849822344	0.400000
24.0384372820	1.1321984086	0.500000
23.2060036548	0.9231270814	0.600000
22.4450299483	0.7508687975	0.700000
21.7429872491	0.6094174120	0.800000
21.0899297694	0.4936099935	0.900000
20.4779459092	0.3990522668	1.000000
19.9007291099	0.3220339225	1.100000
19.3532412671	0.2594426396	1.200000
18.8314479762	0.2086819977	1.300000
18.3321097719	0.1675960598	1.400000
17.8526172010	0.1344018678	1.500000
17.3908603344	0.1076301433	1.600000
16.9451254257	0.0860739234	1.700000
16.5140130205	0.0687445508	1.800000
16.0963730500	0.0548342911	1.900000
15.6912533898	0.0436848025	2.000000
15.2978591032	0.0347606979	2.100000
14.9155201666	0.0276274877	2.200000
14.5436659269	0.0219332565	2.300000
14.1818049025	0.0173935003	2.400000
13.8295088216	0.0137786207	2.500000
13.4864000190	0.0109036423	2.600000
13.1521414908	0.0086197820	2.700000
12.8264290534	0.0068075547	2.800000
12.5089851626	0.0053711480	2.900000
12.1995540445	0.0042338437	3.000000
11.8978978586	0.0033342989	3.100000
11.6037936748	0.0026235311	3.200000
11.3170310892	0.0020624793	3.300000
11.0374103425	0.0016200339	3.400000
10.7647408314	0.0012714489	3.500000
10.4988399290	0.0009970638	3.600000
10.2395320471	0.0007812768	3.700000
9.9866478868	0.0006117209	3.800000
9.7400238372	0.0004786041	3.900000
9.4995014897	0.0003741814	4.000000
9.2649272420	0.0002923335	4.100000
9.0361519735	0.0002282303	4.200000
8.8130307748	0.0001780629	4.300000
8.5954227208	0.0001388311	4.400000
8.3831906782	0.0001081733	4.500000
8.1762011385	0.0000842326	4.600000
7.9743240727	0.0000655503	4.700000
7.7774328026	0.0000509810	4.800000
7.5854038847	0.0000396269	4.900000
7.3981170053	0.0000307839	5.000000
7.2154548838	0.0000239010	5.100000
7.0373031829	0.0000185471	5.200000
6.8635504247	0.0000143848	5.300000
6.6940879113	0.0000111509	5.400000
6.5288096499	0.0000086397	5.500000
6.3676122804	0.0000066907	5.600000
6.2103950069	0.0000051789	5.700000
6.0570595317	0.0000040069	5.800000
5.9075099908	0.0000030986	5.900000
5.7616528925	0.0000023952	6.000000
5.6193970575	0.0000018507	6.100000
5.4806535609	0.0000014294	6.200000
5.3453356755	0.0000011035	6.300000
5.2133588172	0.0000008516	6.400000
5.0846404916	0.0000006569	6.500000
4.9591002423	0.0000005065	6.600000
4.8366595999	0.0000003905	6.700000
4.7172420331	0.0000003009	6.800000
4.6007729005	0.0000002317	6.900000
4.4871794041	0.0000001784	7.000000
4.3763905433	0.0000001374	7.100000
4.2683370710	0.0000001057	7.200000
4.1629514497	0.0000000813	7.300000
4.0601678096	0.0000000625	7.400000
3.9599219074	0.0000000481	7.500000
3.8621510858	0.0000000369	7.600000
3.7667942348	0.0000000284	7.700000
3.6737917532	0.0000000218	7.800000
3.5830855112	0.0000000167	7.900000
3.4946188145	0.0000000129	8.000000
3.4083363685	0.0000000099	8.100000
3.3241842437	0.0000000076	8.200000
3.2421098423	0.0000000058	8.300000
3.1620618652	0.0000000045	8.400000
3.0839902797	0.0000000034	8.500000
3.0078462886	0.0000000026	8.600000
2.9335822993	0.0000000020	8.700000
2.8611518944	0.0000000015	8.800000
2.7905098026	0.0000000012	8.900000
2.7216118703	0.0000000009	9.000000
2.6544150340	0.0000000007	9.100000
2.5888772935	0.0000000005	9.200000
2.5249576856	0.0000000004	9.300000
2.4626162584	0.0000000003	9.400000
2.4018140465	0.0000000002	9.500000
2.3425130466	0.0000000002	9.600000
2.2846761936	0.0000000001	9.700000
2.2282673376	0.0000000001	9.800000
2.1732512212	0.0000000001	9.900000
2.1195934575	0.0000000001	10.000000
2.0672605088	0.0000000000	10.100000
2.0162196651	0.0000000000	10.200000
1.9664390244	0.0000000000	10.300000
1.9178874720	0.0000000000	10.400000
1.8705346618	0.0000000000	10.500000
1.8243509966	0.0000000000	10.600000
1.7793076101	0.0000000000	10.700000
1.7353763488	0.0000000000	10.800000
1.6925297543	0.0000000000	10.900000
1.6507410459	0.0000000000	11.000000
1.6099841044	0.0000000000	11.100000
1.5702334553	0.0000000000	11.200000
1.5314642533	0.0000000000	11.300000
1.4936522663	0.0000000000	11.400000
1.4567738606	0.0000000000	11.500000
1.4208059859	0.0000000000	11.600000
1.3857261612	0.0000000000	11.700000
1.3515124605	0.0000000000	11.800000
1.3181434991	0.0000000000	11.900000
1.2855984202	0.0000000000	12.000000
1.2538568823	0.0000000000	12.100000
1.2228990456	0.0000000000	12.200000
1.1927055607	0.0000000000	12.300000
1.1632575556	0.0000000000	12.400000
1.1345366243	0.0000000000	12.500000
1.1065248153	0.0000000000	12.600000
1.0792046204	0.0000000000	12.700000
1.0525589635	0.0000000000	12.800000
1.0265711901	0.0000000000	12.900000
1.0012250572	0.0000000000	13.000000
0.9765047226	0.0000000000	13.100000
0.9523947351	0.0000000000	13.200000
0.9288800254	0.0000000000	13.300000
0.9059458960	0.0000000000	13.400000
0.8835780122	0.0000000000	13.500000
0.8617623934	0.0000000000	13.600000
0.8404854042	0.0000000000	13.700000
0.8197337457	0.0000000000	13.800000
0.7994944474	0.0000000000	13.900000
0.7797548593	0.0000000000	14.000000
0.7605026432	0.0000000000	14.100000
0.7417257661	0.0000000000	14.200000
0.7234124918	0.0000000000	14.300000
0.7055513738	0.0000000000	14.400000
0.6881312484	0.0000000000	14.500000
0.6711412273	0.0000000000	14.600000
0.6545706915	0.0000000000	14.700000
0.6384092836	0.0000000000	14.800000
0.6226469022	0.0000000000	14.900000
0.6072736955	0.0000000000	15.000000
0.5922800546	0.0000000000	15.100000
0.5776566080	0.0000000000	15.200000
0.5633942156	0.0000000000	15.300000
0.5494839629	0.0000000000	15.400000
0.5359171555	0.0000000000	15.500000
0.5226853138	0.0000000000	15.600000
0.5097801675	0.0000000000	15.700000
0.4971936504	0.0000000000	15.800000
0.4849178954	0.0000000000	15.900000
0.4729452300	0.0000000000	16.000000
0.4612681707	0.0000000000	16.100000
0.4498794190	0.0000000000	16.200000
0.4387718566	0.0000000000	16.300000
0.4279385409	0.0000000000	16.400000
0.4173727007	0.0000000000	16.500000
0.4070677321	0.0000000000	16.600000
0.3970171940	0.0000000000	16.700000
0.3872148046	0.0000000000	16.800000
0.3776544370	0.0000000000	16.900000
0.3683301158	0.0000000000	17.000000
0.3592360128	0.0000000000	17.100000
0.3503664441	0.0000000000	17.200000
0.3417158658	0.0000000000	17.300000
0.3332788710	0.0000000000	17.400000
0.3250501864	0.0000000000	17.500000
0.3170246688	0.0000000000	17.600000
0.3091973018	0.0000000000	17.700000
0.3015631933	0.0000000000	17.800000
0.2941175715	0.0000000000	17.900000
0.2868557828	0.0000000000	18.000000
0.2797732883	0.0000000000	18.100000
0.2728656613	0.0000000000	18.200000
0.2661285841	0.0000000000	18.300000
0.2595578460	0.0000000000	18.400000
0.2531493399	0.0000000000	18.500000
0.2468990605	0.0000000000	18.600000
0.2408031010	0.0000000000	18.700000
0.2348576513	0.0000000000	18.800000
0.2290589952	0.0000000000	18.900000
0.2234035085	0.0000000000	19.000000
0.2178876562	0.0000000000	19.100000
0.2125079908	0.0000000000	19.200000
0.2072611499	0.0000000000	19.300000
0.2021438539	0.0000000000	19.400000
0.1971529043	0.0000000000	19.500000
0.1922851818	0.0000000000	19.600000
0.1875376438	0.0000000000	19.700000
0.1829073229	0.0000000000	19.800000
0.1783913250	0.0000000000	19.900000
0.1739868275	0.0000000000	20.000000
0.1696910774	0.0000000000	20.100000
0.1655013898	0.0000000000	20.200000
0.1614151460	0.0000000000	20.300000
0.1574297918	0.0000000000	20.400000
0.1535428364	0.0000000000	20.500000
0.1497518503	0.0000000000	20.600000
0.1460544639	0.0000000000	20.700000
0.1424483664	0.0000000000	20.800000
0.1389313037	0.0000000000	20.900000
0.1355010776	0.0000000000	21.000000
0.1321555441	0.0000000000	21.100000
0.1288926121	0.0000000000	21.200000
0.1257102422	0.0000000000	21.300000
0.1226064452	0.0000000000	21.400000
0.1195792813	0.0000000000	21.500000
0.1166268584	0.0000000000	21.600000
0.1137473310	0.0000000000	21.700000
0.1109388994	0.0000000000	21.800000
0.1081998082	0.0000000000	21.900000
0.1055283454	0.0000000000	22.000000
0.1029228413	0.0000000000	22.100000
0.1003816673	0.0000000000	22.200000
0.0979032351	0.0000000000	22.300000
0.0954859956	0.0000000000	22.400000
0.0931284380	0.0000000000	22.500000
0.0908290887	0.0000000000	22.600000
0.0885865105	0.0000000000	22.700000
0.0863993018	0.0000000000	22.800000
0.0842660954	0.0000000000	22.900000
0.0821855581	0.0000000000	23.000000
0.0801563895	0.0000000000	23.100000
0.0781773212	0.0000000000	23.200000
0.0762471162	0.0000000000	23.300000
0.0743645682	0.0000000000	23.400000
0.0725285005	0.0000000000	23.500000
0.0707377655	0.0000000000	23.600000
0.0689912438	0.0000000000	23.700000
0.0672878439	0.0000000000	23.800000
0.0656265012	0.0000000000	23.900000
0.0640061771	0.0000000000	24.000000
0.0624258589	0.0000000000	24.100000
0.0608845590	0.0000000000	24.200000
0.0593813139	0.0000000000	24.300000
0.0579151840	0.0000000000	24.400000
0.0564852530	0.0000000000	24.500000
0.0550906272	0.0000000000	24.600000
0.0537304348	0.0000000000	24.700000
0.0524038256	0.0000000000	24.800000
0.0511099705	0.0000000000	24.900000
0.0498480609	0.0000000000	25.000000
0.0486173079	0.0000000000	25.100000
0.0474169423	0.0000000000	25.200000
0.0462462138	0.0000000000	25.300000
0.0451043907	0.0000000000	25.400000
0.0439907593	0.0000000000	25.500000
0.0429046236	0.0000000000	25.600000
0.0418453047	0.0000000000	25.700000
0.0408121404	0.0000000000	25.800000
0.0398044851	0.0000000000	25.900000
0.0388217089	0.0000000000	26.000000
0.0378631975	0.0000000000	26.100000
0.0369283518	0.0000000000	26.200000
0.0360165875	0.0000000000	26.300000
0.0351273348	0.0000000000	26.400000
0.0342600378	0.0000000000	26.500000
0.0334141545	0.0000000000	26.600000
0.0325891561	0.0000000000	26.700000
0.0317845270	0.0000000000	26.800000
0.0309997642	0.0000000000	26.900000
0.0302343773	0.0000000000	27.000000
0.0294878879	0.0000000000	27.100000
0.0287598293	0.0000000000	27.200000
0.0280497466	0.0000000000	27.300000
0.0273571959	0.0000000000	27.400000
0.0266817443	0.0000000000	27.500000
0.0260229697	0.0000000000	27.600000
0.0253804603	0.0000000000	27.700000
0.0247538145	0.0000000000	27.800000
0.0241426407	0.0000000000	27.900000
0.0235465567	0.0000000000	28.000000
0.0229651902	0.0000000000	28.100000
0.0223981776	0.0000000000	28.200000
0.0218451646	0.0000000000	28.300000
0.0213058056	0.0000000000	28.400000
0.0207797634	0.0000000000	28.500000
0.0202667092	0.0000000000	28.600000
0.0197663224	0.0000000000	28.700000
0.0192782901	0.0000000000	28.800000
0.0188023075	0.0000000000	28.900000
0.0183380768	0.0000000000	29.000000
0.0178853081	0.0000000000	29.100000
0.0174437183	0.0000000000	29.200000
0.0170130313	0.0000000000	29.300000
0.0165929781	0.0000000000	29.400000
0.0161832960	0.0000000000	29.500000
0.0157837290	0.0000000000	29.600000
0.0153940274	0.0000000000	29.700000
0.0150139475	0.0000000000	29.800000
0.0146432518	0.0000000000	29.900000
0.0142817086	0.0000000000	30.000000
0.0139290920	0.0000000000	30.100000
0.0135851815	0.0000000000	30.200000
0.0132497621	0.0000000000	30.300000
0.0129226244	0.0000000000	30.400000
0.0126035636	0.0000000000	30.500000
0.0122923805	0.0000000000	30.600000
0.0119888806	0.0000000000	30.700000
0.0116928741	0.0000000000	30.800000
0.0114041760	0.0000000000	30.900000
0.0111226059	0.0000000000	31.000000
0.0108479877	0.0000000000	31.100000
0.0105801500	0.0000000000	31.200000
0.0103189251	0.0000000000	31.300000
0.0100641500	0.0000000000	31.400000
0.0098156652	0.0000000000	31.500000
0.0095733156	0.0000000000	31.600000
0.0093369496	0.0000000000	31.700000
0.0091064195	0.0000000000	31.800000
0.0088815812	0.0000000000	31.900000
0.0086622942	0.0000000000	32.000000
0.0084484214	0.0000000000	32.100000
0.0082398291	0.0000000000	32.200000
0.0080363870	0.0000000000	32.300000
0.0078379679	0.0000000000	32.400000
0.0076444478	0.0000000000	32.500000
0.0074557057	0.0000000000	32.600000
0.0072716237	0.0000000000	32.700000
0.0070920866	0.0000000000	32.800000
0.0069169824	0.0000000000	32.900000
0.0067462015	0.0000000000	33.000000
0.0065796372	0.0000000000	33.100000
0.0064171854	0.0000000000	33.200000
0.0062587445	0.0000000000	33.300000
0.0061042155	0.0000000000	33.400000
0.0059535019	0.0000000000	33.500000
0.0058065094	0.0000000000	33.600000
0.0056631462	0.0000000000	33.700000
0.0055233226	0.0000000000	33.800000
0.0053869513	0.0000000000	33.900000
0.0052539470	0.0000000000	34.000000
0.0051242266	0.0000000000	34.100000
0.0049977090	0.0000000000	34.200000
0.0048743151	0.0000000000	34.300000
0.0047539678	0.0000000000	34.400000
0.0046365920	0.0000000000	34.500000
0.0045221141	0.0000000000	34.600000
0.0044104627	0.0000000000	34.700000
0.0043015680	0.0000000000	34.800000
0.0041953619	0.0000000000	34.900000
0.0040917780	0.0000000000	35.000000
0.0039907517	0.0000000000	35.100000
0.0038922197	0.0000000000	35.200000
0.0037961204	0.0000000000	35.300000
0.0037023939	0.0000000000	35.400000
0.0036109814	0.0000000000	35.500000
0.0035218260	0.0000000000	35.600000
0.0034348718	0.0000000000	35.700000
0.0033500645	0.0000000000	35.800000
0.0032673511	0.0000000000	35.900000
0.0031866799	0.0000000000	36.000000
0.0031080005	0.0000000000	36.100000
0.0030312637	0.0000000000	36.200000
0.0029564216	0.0000000000	36.300000
0.0028834273	0.0000000000	36.400000
0.0028122352	0.0000000000	36.500000
0.0027428008	0.0000000000	36.600000
0.0026750809	0.0000000000	36.700000
0.0026090329	0.0000000000	36.800000
0.0025446156	0.0000000000	36.900000
0.0024817888	0.0000000000	37.000000
0.0024205133	0.0000000000	37.100000
0.0023607506	0.0000000000	37.200000
0.0023024634	0.0000000000	37.300000
0.0022456154	0.0000000000	37.400000
0.0021901710	0.0000000000	37.500000
0.0021360955	0.0000000000	37.600000
0.0020833551	0.0000000000	37.700000
0.0020319168	0.0000000000	37.800000
0.0019817486	0.0000000000	37.900000
0.0019328191	0.0000000000	38.000000
0.0018850976	0.0000000000	38.100000
0.0018385544	0.0000000000	38.200000
0.0017931603	0.0000000000	38.300000
0.0017488870	0.0000000000	38.400000
0.0017057069	0.0000000000	38.500000
0.0016635928	0.0000000000	38.600000
0.0016225186	0.0000000000	38.700000
0.0015824584	0.0000000000	38.800000
0.0015433874	0.0000000000	38.900000
0.0015052810	0.0000000000	39.000000
0.0014681155	0.0000000000	39.100000
0.0014318676	0.0000000000	39.200000
0.0013965147	0.0000000000	39.300000
0.0013620346	0.0000000000	39.400000
0.0013284058	0.0000000000	39.500000
0.0012956074	0.0000000000	39.600000
0.0012636187	0.0000000000	39.700000
0.0012324199	0.0000000000	39.800000
0.0012019913	0.0000000000	39.900000
0.0011723140	0.0000000000	40.000000
0.0011433695	0.0000000000	40.100000
0.0011151396	0.0000000000	40.200000
0.0010876067	0.0000000000	40.300000
0.0010607536	0.0000000000	40.400000
0.0010345635	0.0000000000	40.500000
0.0010090200	0.0000000000	40.600000
0.0009841073	0.0000000000	40.700000
0.0009598096	0.0000000000	40.800000
0.0009361118	0.0000000000	40.900000
0.0009129991	0.0000000000	41.000000
0.0008904571	0.0000000000	41.100000
0.0008684716	0.0000000000	41.200000
0.0008470290	0.0000000000	41.300000
0.0008261157	0.0000000000	41.400000
0.0008057189	0.0000000000	41.500000
0.0007858256	0.0000000000	41.600000
0.0007664235	0.0000000000	41.700000
0.0007475004	0.0000000000	41.800000
0.0007290446	0.0000000000	41.900000
0.0007110444	0.0000000000	42.000000
0.0006934887	0.0000000000	42.100000
0.0006763664	0.0000000000	42.200000
0.0006596668	0.0000000000	42.300000
0.0006433796	0.0000000000	42.400000
0.0006274945	0.0000000000	42.500000
0.0006120016	0.0000000000	42.600000
0.0005968912	0.0000000000	42.700000
0.0005821539	0.0000000000	42.800000
0.0005677805	0.0000000000	42.900000
0.0005537619	0.0000000000	43.000000
0.0005400895	0.0000000000	43.100000
0.0005267547	0.0000000000	43.200000
0.0005137490	0.0000000000	43.300000
0.0005010645	0.0000000000	43.400000
0.0004886932	0.0000000000	43.500000
0.0004766273	0.0000000000	43.600000
0.0004648594	0.0000000000	43.700000
0.0004533819	0.0000000000	43.800000
0.0004421879	0.0000000000	43.900000
0.0004312702	0.0000000000	44.000000
0.0004206221	0.0000000000	44.100000
0.0004102369	0.0000000000	44.200000
0.0004001082	0.0000000000	44.300000
0.0003902294	0.0000000000	44.400000
0.0003805946	0.0000000000	44.500000
0.0003711977	0.0000000000	44.600000
0.0003620328	0.0000000000	44.700000
0.0003530942	0.0000000000	44.800000
0.0003443763	0.0000000000	44.900000
0.0003358736	0.0000000000	45.000000
0.0003275808	0.0000000000	45.100000
0.0003194928	0.0000000000	45.200000
0.0003116045	0.0000000000	45.300000
0.0003039110	0.0000000000	45.400000
0.0002964074	0.0000000000	45.500000
0.0002890891	0.0000000000	45.600000
0.0002819514	0.0000000000	45.700000
0.0002749900	0.0000000000	45.800000
0.0002682005	0.0000000000	45.900000
0.0002615786	0.0000000000	46.000000
0.0002551202	0.0000000000	46.100000
0.0002488213	0.0000000000	46.200000
0.0002426779	0.0000000000	46.300000
0.0002366861	0.0000000000	46.400000
0.0002308423	0.0000000000	46.500000
0.0002251428	0.0000000000	46.600000
0.0002195840	0.0000000000	46.700000
0.0002141625	0.0000000000	46.800000
0.0002088748	0.0000000000	46.900000
0.0002037176	0.0000000000	47.000000
0.0001986878	0.0000000000	47.100000
0.0001937822	0.0000000000	47.200000
0.0001889977	0.0000000000	47.300000
0.0001843313	0.0000000000	47.400000
0.0001797802	0.0000000000	47.500000
0.0001753414	0.0000000000	47.600000
0.0001710122	0.0000000000	47.700000
0.0001667899	0.0000000000	47.800000
0.0001626718	0.0000000000	47.900000
0.0001586555	0.0000000000	48.000000
0.0001547382	0.0000000000	48.100000
0.0001509177	0.0000000000	48.200000
0.0001471916	0.0000000000	48.300000
0.0001435574	0.0000000000	48.400000
0.0001400129	0.0000000000	48.500000
0.0001365560	0.0000000000	48.600000
0.0001331844	0.0000000000	48.700000
0.0001298961	0.0000000000	48.800000
0.0001266890	0.0000000000	48.900000
0.0001235610	0.0000000000	49.000000
0.0001205103	0.0000000000	49.100000
0.0001175349	0.0000000000	49.200000
0.0001146329	0.0000000000	49.300000
0.0001118026	0.0000000000	49.400000
0.0001090422	0.0000000000	49.500000
0.0001063499	0.0000000000	49.600000
0.0001037241	0.0000000000	49.700000
0.0001011632	0.0000000000	49.800000
0.0000986655	0.0000000000	49.900000
0.0000962294	0.0000000000	50.000000
0.0000938535	0.0000000000	50.100000
0.0000915362	0.0000000000	50.200000
0.0000892762	0.0000000000	50.300000
0.0000870720	0.0000000000	50.400000
0.0000849221	0.0000000000	50.500000
0.0000828254	0.0000000000	50.600000
0.0000807804	0.0000000000	50.700000
0.0000787860	0.0000000000	50.800000
0.0000768407	0.0000000000	50.900000
0.0000749435	0.0000000000	51.000000
0.0000730932	0.0000000000	51.100000
0.0000712885	0.0000000000	51.200000
0.0000695284	0.0000000000	51.300000
0.0000678117	0.0000000000	51.400000
0.0000661374	0.0000000000	51.500000
0.0000645045	0.0000000000	51.600000
0.0000629119	0.0000000000	51.700000
0.0000613586	0.0000000000	51.800000
0.0000598436	0.0000000000	51.900000
0.0000583661	0.0000000000	52.000000
0.0000569250	0.0000000000	52.100000
0.0000555195	0.0000000000	52.200000
0.0000541488	0.0000000000	52.300000
0.0000528118	0.0000000000	52.400000
0.0000515079	0.0000000000	52.500000
0.0000502362	0.0000000000	52.600000
0.0000489958	0.0000000000	52.700000
0.0000477861	0.0000000000	52.800000
0.0000466063	0.0000000000	52.900000
0.0000454555	0.0000000000	53.000000
0.0000443332	0.0000000000	53.100000
0.0000432387	0.0000000000	53.200000
0.0000421711	0.0000000000	53.300000
0.0000411299	0.0000000000	53.400000
0.0000401144	0.0000000000	53.500000
0.0000391240	0.0000000000	53.600000
0.0000381580	0.0000000000	53.700000
0.0000372159	0.0000000000	53.800000
0.0000362970	0.0000000000	53.900000
0.0000354008	0.0000000000	54.000000
0.0000345268	0.0000000000	54.100000
0.0000336743	0.0000000000	54.200000
0.0000328429	0.0000000000	54.300000
0.0000320320	0.0000000000	54.400000
0.0000312411	0.0000000000	54.500000
0.0000304698	0.0000000000	54.600000
0.0000297175	0.0000000000	54.700000
0.0000289837	0.0000000000	54.800000
0.0000282681	0.0000000000	54.900000
0.0000275702	0.0000000000	55.000000
0.0000268895	0.0000000000	55.100000
0.0000262256	0.0000000000	55.200000
0.0000255781	0.0000000000	55.300000
0.0000249465	0.0000000000	55.400000
0.0000243306	0.0000000000	55.500000
0.0000237299	0.0000000000	55.600000
0.0000231440	0.0000000000	55.700000
0.0000225726	0.0000000000	55.800000
0.0000220152	0.0000000000	55.900000
0.0000214717	0.0000000000	56.000000
0.0000209415	0.0000000000	56.100000
0.0000204245	0.0000000000	56.200000
0.0000199202	0.0000000000	56.300000
0.0000194284	0.0000000000	56.400000
0.0000189487	0.0000000000	56.500000
0.0000184808	0.0000000000	56.600000
0.0000180246	0.0000000000	56.700000
0.0000175795	0.0000000000	56.800000
0.0000171455	0.0000000000	56.900000
0.0000167222	0.0000000000	57.000000
0.0000163093	0.0000000000	57.100000
0.0000159066	0.0000000000	57.200000
0.0000155139	0.0000000000	57.300000
0.0000151308	0.0000000000	57.400000
0.0000147573	0.0000000000	57.500000
0.0000143929	0.0000000000	57.600000
0.0000140375	0.0000000000	57.700000
0.0000136909	0.0000000000	57.800000
0.0000133529	0.0000000000	57.900000
0.0000130232	0.0000000000	58.000000
0.0000127017	0.0000000000	58.100000
0.0000123881	0.0000000000	58.200000
0.0000120822	0.0000000000	58.300000
0.0000117839	0.0000000000	58.400000
0.0000114930	0.0000000000	58.500000
0.0000112092	0.0000000000	58.600000
0.0000109324	0.0000000000	58.700000
0.0000106625	0.0000000000	58.800000
0.0000103993	0.0000000000	58.900000
0.0000101425	0.0000000000	59.000000
0.0000098921	0.0000000000	59.100000
0.0000096478	0.0000000000	59.200000
0.0000094096	0.0000000000	59.300000
0.0000091773	0.0000000000	59.400000
0.0000089507	0.0000000000	59.500000
0.0000087297	0.0000000000	59.600000
0.0000085142	0.0000000000	59.700000
0.0000083040	0.0000000000	59.800000
0.0000080990	0.0000000000	59.900000
0.0000078990	0.0000000000	60.000000
0.0000077040	0.0000000000	60.100000
0.0000075138	0.0000000000	60.200000
0.0000073282	0.0000000000	60.300000
0.0000071473	0.0000000000	60.400000
0.0000069708	0.0000000000	60.500000
0.0000067987	0.0000000000	60.600000
0.0000066309	0.0000000000	60.700000
0.0000064671	0.0000000000	60.800000
0.0000063075	0.0000000000	60.900000
0.0000061517	0.0000000000	61.000000
0.0000059999	0.0000000000	61.100000
0.0000058517	0.0000000000	61.200000
0.0000057072	0.0000000000	61.300000
0.0000055663	0.0000000000	61.400000
0.0000054289	0.0000000000	61.500000
0.0000052949	0.0000000000	61.600000
0.0000051641	0.0000000000	61.700000
0.0000050366	0.0000000000	61.800000
0.0000049123	0.0000000000	61.900000
0.0000047910	0.0000000000	62.000000
0.0000046727	0.0000000000	62.100000
0.0000045573	0.0000000000	62.200000
0.0000044448	0.0000000000	62.300000
0.0000043351	0.0000000000	62.400000
0.0000042280	0.0000000000	62.500000
0.0000041236	0.0000000000	62.600000
0.0000040218	0.0000000000	62.700000
0.0000039225	0.0000000000	62.800000
0.0000038257	0.0000000000	62.900000
0.0000037312	0.0000000000	63.000000
0.0000036391	0.0000000000	63.100000
0.0000035492	0.0000000000	63.200000
0.0000034616	0.0000000000	63.300000
0.0000033761	0.0000000000	63.400000
0.0000032928	0.0000000000	63.500000
0.0000032115	0.0000000000	63.600000
0.0000031322	0.0000000000	63.700000
0.0000030549	0.0000000000	63.800000
0.0000029794	0.0000000000	63.900000
0.0000029059	0.0000000000	64.000000
0.0000028341	0.0000000000	64.100000
0.0000027642	0.0000000000	64.200000
0.0000026959	0.0000000000	64.300000
0.0000026293	0.0000000000	64.400000
0.0000025644	0.0000000000	64.500000
0.0000025011	0.0000000000	64.600000
0.0000024394	0.0000000000	64.700000
0.0000023791	0.0000000000	64.800000
0.0000023204	0.0000000000	64.900000
0.0000022631	0.0000000000	65.000000
0.0000022072	0.0000000000	65.100000
0.0000021527	0.0000000000	65.200000
0.0000020996	0.0000000000	65.300000
0.0000020477	0.0000000000	65.400000
0.0000019972	0.0000000000	65.500000
0.0000019479	0.0000000000	65.600000
0.0000018998	0.0000000000	65.700000
0.0000018529	0.0000000000	65.800000
0.0000018071	0.0000000000	65.900000
0.0000017625	0.0000000000	66.000000
0.0000017190	0.0000000000	66.100000
0.0000016765	0.0000000000	66.200000
0.0000016352	0.0000000000	66.300000
0.0000015948	0.0000000000	66.400000
0.0000015554	0.0000000000	66.500000
0.0000015170	0.0000000000	66.600000
0.0000014795	0.0000000000	66.700000
0.0000014430	0.0000000000	66.800000
0.0000014074	0.0000000000	66.900000
0.0000013726	0.0000000000	67.000000
0.0000013387	0.0000000000	67.100000
0.0000013057	0.0000000000	67.200000
0.0000012735	0.0000000000	67.300000
0.0000012420	0.0000000000	67.400000
0.0000012113	0.0000000000	67.500000
0.0000011814	0.0000000000	67.600000
0.0000011523	0.0000000000	67.700000
0.0000011238	0.0000000000	67.800000
0.0000010961	0.0000000000	67.900000
0.0000010690	0.0000000000	68.000000
0.0000010426	0.0000000000	68.100000
0.0000010169	0.0000000000	68.200000
0.0000009918	0.0000000000	68.300000
0.0000009673	0.0000000000	68.400000
0.0000009434	0.0000000000	68.500000
0.0000009201	0.0000000000	68.600000
0.0000008974	0.0000000000	68.700000
0.0000008752	0.0000000000	68.800000
0.0000008536	0.0000000000	68.900000
0.0000008325	0.0000000000	69.000000
0.0000008120	0.0000000000	69.100000
0.0000007919	0.0000000000	69.200000
0.0000007724	0.0000000000	69.300000
0.0000007533	0.0000000000	69.400000
0.0000007347	0.0000000000	69.500000
0.0000007166	0.0000000000	69.600000
0.0000006989	0.0000000000	69.700000
0.0000006816	0.0000000000	69.800000
0.0000006648	0.0000000000	69.900000
0.0000006484	0.0000000000	70.000000
0.0000006324	0.0000000000	70.100000
0.0000006168	0.0000000000	70.200000
0.0000006015	0.0000000000	70.300000
0.0000005867	0.0000000000	70.400000
0.0000005722	0.0000000000	70.500000
0.0000005581	0.0000000000	70.600000
0.0000005443	0.0000000000	70.700000
0.0000005309	0.0000000000	70.800000
0.0000005177	0.0000000000	70.900000
0.0000005050	0.0000000000	71.000000
0.0000004925	0.0000000000	71.100000
0.0000004803	0.0000000000	71.200000
0.0000004685	0.0000000000	71.300000
0.0000004569	0.0000000000	71.400000
0.0000004456	0.0000000000	71.500000
0.0000004346	0.0000000000	71.600000
0.0000004239	0.0000000000	71.700000
0.0000004134	0.0000000000	71.800000
0.0000004032	0.0000000000	71.900000
0.0000003933	0.0000000000	72.000000
0.0000003836	0.0000000000	72.100000
0.0000003741	0.0000000000	72.200000
0.0000003649	0.0000000000	72.300000
0.0000003558	0.0000000000	72.400000
0.0000003471	0.0000000000	72.500000
0.0000003385	0.0000000000	72.600000
0.0000003301	0.0000000000	72.700000
0.0000003220	0.0000000000	72.800000
0.0000003140	0.0000000000	72.900000
0.0000003063	0.0000000000	73.000000
0.0000002987	0.0000000000	73.100000
0.0000002913	0.0000000000	73.200000
0.0000002841	0.0000000000	73.300000
0.0000002771	0.0000000000	73.400000
0.0000002703	0.0000000000	73.500000
0.0000002636	0.0000000000	73.600000
0.0000002571	0.0000000000	73.700000
0.0000002508	0.0000000000	73.800000
0.0000002446	0.0000000000	73.900000
0.0000002385	0.0000000000	74.000000
0.0000002326	0.0000000000	74.100000
0.0000002269	0.0000000000	74.200000
0.0000002213	0.0000000000	74.300000
0.0000002158	0.0000000000	74.400000
0.0000002105	0.0000000000	74.500000
0.0000002053	0.0000000000	74.600000
0.0000002002	0.0000000000	74.700000
0.0000001953	0.0000000000	74.800000
0.0000001905	0.0000000000	74.900000
0.0000001858	0.0000000000	75.000000
0.0000001812	0.0000000000	75.100000
0.0000001767	0.0000000000	75.200000
0.0000001723	0.0000000000	75.300000
0.0000001681	0.0000000000	75.400000
0.0000001639	0.0000000000	75.500000
0.0000001599	0.0000000000	75.600000
0.0000001559	0.0000000000	75.700000
0.0000001521	0.0000000000	75.800000
0.0000001483	0.0000000000	75.900000
0.0000001447	0.0000000000	76.000000
0.0000001411	0.0000000000	76.100000
0.0000001376	0.0000000000	76.200000
0.0000001342	0.0000000000	76.300000
0.0000001309	0.0000000000	76.400000
0.0000001277	0.0000000000	76.500000
0.0000001245	0.0000000000	76.600000
0.0000001214	0.0000000000	76.700000
0.0000001184	0.0000000000	76.800000
0.0000001155	0.0000000000	76.900000
0.0000001127	0.0000000000	77.000000
0.0000001099	0.0000000000	77.100000
0.0000001072	0.0000000000	77.200000
0.0000001045	0.0000000000	77.300000
0.0000001020	0.0000000000	77.400000
0.0000000994	0.0000000000	77.500000
0.0000000970	0.0000000000	77.600000
0.0000000946	0.0000000000	77.700000
0.0000000922	0.0000000000	77.800000
0.0000000900	0.0000000000	77.900000
0.0000000877	0.0000000000	78.000000
0.0000000856	0.0000000000	78.100000
0.0000000835	0.0000000000	78.200000
0.0000000814	0.0000000000	78.300000
0.0000000794	0.0000000000	78.400000
0.0000000774	0.0000000000	78.500000
0.0000000755	0.0000000000	78.600000
0.0000000737	0.0000000000	78.700000
0.0000000718	0.0000000000	78.800000
0.0000000701	0.0000000000	78.900000
0.0000000683	0.0000000000	79.000000
0.0000000667	0.0000000000	79.100000
0.0000000650	0.0000000000	79.200000
0.0000000634	0.0000000000	79.300000
0.0000000618	0.0000000000	79.400000
0.0000000603	0.0000000000	79.500000
0.0000000588	0.0000000000	79.600000
0.0000000574	0.0000000000	79.700000
0.0000000560	0.0000000000	79.800000
0.0000000546	0.0000000000	79.900000
0.0000000532	0.0000000000	80.000000
0.0000000519	0.0000000000	80.100000
0.0000000506	0.0000000000	80.200000
0.0000000494	0.0000000000	80.300000
0.0000000482	0.0000000000	80.400000
0.0000000470	0.0000000000	80.500000
0.0000000458	0.0000000000	80.600000
0.0000000447	0.0000000000	80.700000
0.0000000436	0.0000000000	80.800000
0.0000000425	0.0000000000	80.900000
0.0000000415	0.0000000000	81.000000
0.0000000404	0.0000000000	81.100000
0.0000000394	0.0000000000	81.200000
0.0000000385	0.0000000000	81.300000
0.0000000375	0.0000000000	81.400000
0.0000000366	0.0000000000	81.500000
0.0000000357	0.0000000000	81.600000
0.0000000348	0.0000000000	81.700000
0.0000000339	0.0000000000	81.800000
0.0000000331	0.0000000000	81.900000
0.0000000323	0.0000000000	82.000000
0.0000000315	0.0000000000	82.100000
0.0000000307	0.0000000000	82.200000
0.0000000299	0.0000000000	82.300000
0.0000000292	0.0000000000	82.400000
0.0000000285	0.0000000000	82.500000
0.0000000278	0.0000000000	82.600000
0.0000000271	0.0000000000	82.700000
0.0000000264	0.0000000000	82.800000
0.0000000258	0.0000000000	82.900000
0.0000000251	0.0000000000	83.000000
0.0000000245	0.0000000000	83.100000
0.0000000239	0.0000000000	83.200000
0.0000000233	0.0000000000	83.300000
0.0000000227	0.0000000000	83.400000
0.0000000222	0.0000000000	83.500000
0.0000000216	0.0000000000	83.600000
0.0000000211	0.0000000000	83.700000
0.0000000206	0.0000000000	83.800000
0.0000000201	0.0000000000	83.900000
0.0000000196	0.0000000000	84.000000
0.0000000191	0.0000000000	84.100000
0.0000000186	0.0000000000	84.200000
0.0000000182	0.0000000000	84.300000
0.0000000177	0.0000000000	84.400000
0.0000000173	0.0000000000	84.500000
0.0000000169	0.0000000000	84.600000
0.0000000164	0.0000000000	84.700000
0.0000000160	0.0000000000	84.800000
0.0000000156	0.0000000000	84.900000
0.0000000152	0.0000000000	85.000000
0.0000000149	0.0000000000	85.100000
0.0000000145	0.0000000000	85.200000
0.0000000141	0.0000000000	85.300000
0.0000000138	0.0000000000	85.400000
0.0000000135	0.0000000000	85.500000
0.0000000131	0.0000000000	85.600000
0.0000000128	0.0000000000	85.700000
0.0000000125	0.0000000000	85.800000
0.0000000122	0.0000000000	85.900000
0.0000000119	0.0000000000	86.000000
0.0000000116	0.0000000000	86.100000
0.0000000113	0.0000000000	86.200000
0.0000000110	0.0000000000	86.300000
0.0000000107	0.0000000000	86.400000
0.0000000105	0.0000000000	86.500000
0.0000000102	0.0000000000	86.600000
0.0000000100	0.0000000000	86.700000
0.0000000097	0.0000000000	86.800000
0.0000000095	0.0000000000	86.900000
0.0000000092	0.0000000000	87.000000
0.0000000090	0.0000000000	87.100000
0.0000000088	0.0000000000	87.200000
0.0000000086	0.0000000000	87.300000
0.0000000084	0.0000000000	87.400000
0.0000000082	0.0000000000	87.500000
0.0000000080	0.0000000000	87.600000
0.0000000078	0.0000000000	87.700000
0.0000000076	0.0000000000	87.800000
0.0000000074	0.0000000000	87.900000
0.0000000072	0.0000000000	88.000000
0.0000000070	0.0000000000	88.100000
0.0000000069	0.0000000000	88.200000
0.0000000067	0.0000000000	88.300000
0.0000000065	0.0000000000	88.400000
0.0000000064	0.0000000000	88.500000
0.0000000062	0.0000000000	88.600000
0.0000000060	0.0000000000	88.700000
0.0000000059	0.0000000000	88.800000
0.0000000058	0.0000000000	88.900000
0.0000000056	0.0000000000	89.000000
0.0000000055	0.0000000000	89.100000
0.0000000053	0.0000000000	89.200000
0.0000000052	0.0000000000	89.300000
0.0000000051	0.0000000000	89.400000
0.0000000050	0.0000000000	89.500000
0.0000000048	0.0000000000	89.600000
0.0000000047	0.0000000000	89.700000
0.0000000046	0.0000000000	89.800000
0.0000000045	0.0000000000	89.900000
0.0000000044	0.0000000000	90.000000
0.0000000043	0.0000000000	90.100000
0.0000000042	0.0000000000	90.200000
0.0000000041	0.0000000000	90.300000
0.0000000040	0.0000000000	90.400000
0.0000000039	0.0000000000	90.500000
0.0000000038	0.0000000000	90.600000
0.0000000037	0.0000000000	90.700000
0.0000000036	0.0000000000	90.800000
0.0000000035	0.0000000000	90.900000
0.0000000034	0.0000000000	91.000000
0.0000000033	0.0000000000	91.100000
0.0000000032	0.0000000000	91.200000
0.0000000032	0.0000000000	91.300000
0.0000000031	0.0000000000	91.400000
0.0000000030	0.0000000000	91.500000
0.0000000029	0.0000000000	91.600000
0.0000000029	0.0000000000	91.700000
0.0000000028	0.0000000000	91.800000
0.0000000027	0.0000000000	91.900000
0.0000000026	0.0000000000	92.000000
0.0000000026	0.0000000000	92.100000
0.0000000025	0.0000000000	92.200000
0.0000000025	0.0000000000	92.300000
0.0000000024	0.0000000000	92.400000
0.0000000023	0.0000000000	92.500000
0.0000000023	0.0000000000	92.600000
0.0000000022	0.0000000000	92.700000
0.0000000022	0.0000000000	92.800000
0.0000000021	0.0000000000	92.900000
0.0000000021	0.0000000000	93.000000
0.0000000020	0.0000000000	93.100000
0.0000000020	0.0000000000	93.200000
0.0000000019	0.0000000000	93.300000
0.0000000019	0.0000000000	93.400000
0.0000000018	0.0000000000	93.500000
0.0000000018	0.0000000000	93.600000
0.0000000017	0.0000000000	93.700000
0.0000000017	0.0000000000	93.800000
0.0000000016	0.0000000000	93.900000
0.0000000016	0.0000000000	94.000000
0.0000000016	0.0000000000	94.100000
0.0000000015	0.0000000000	94.200000
0.0000000015	0.0000000000	94.300000
0.0000000015	0.0000000000	94.400000
0.0000000014	0.0000000000	94.500000
0.0000000014	0.0000000000	94.600000
0.0000000013	0.0000000000	94.700000
0.0000000013	0.0000000000	94.800000
0.0000000013	0.0000000000	94.900000
0.0000000013	0.0000000000	95.000000
0.0000000012	0.0000000000	95.100000
0.0000000012	0.0000000000	95.200000
0.0000000012	0.0000000000	95.300000
0.0000000011	0.0000000000	95.400000
0.0000000011	0.0000000000	95.500000
0.0000000011	0.0000000000	95.600000
0.0000000011	0.0000000000	95.700000
0.0000000010	0.0000000000	95.800000
0.0000000010	0.0000000000	95.900000
0.0000000010	0.0000000000	96.000000
0.0000000010	0.0000000000	96.100000
0.0000000009	0.0000000000	96.200000
0.0000000009	0.0000000000	96.300000
0.0000000009	0.0000000000	96.400000
0.0000000009	0.0000000000	96.500000
0.0000000008	0.0000000000	96.600000
0.0000000008	0.0000000000	96.700000
0.0000000008	0.0000000000	96.800000
0.0000000008	0.0000000000	96.900000
0.0000000008	0.0000000000	97.000000
0.0000000007	0.0000000000	97.100000
0.0000000007	0.0000000000	97.200000
0.0000000007	0.0000000000	97.300000
0.0000000007	0.0000000000	97.400000
0.0000000007	0.0000000000	97.500000
0.0000000007	0.0000000000	97.600000
0.0000000006	0.0000000000	97.700000
0.0000000006	0.0000000000	97.800000
0.0000000006	0.0000000000	97.900000
0.0000000006	0.0000000000	98.000000
0.0000000006	0.0000000000	98.100000
0.0000000006	0.0000000000	98.200000
0.0000000005	0.0000000000	98.300000
0.0000000005	0.0000000000	98.400000
0.0000000005	0.0000000000	98.500000
0.0000000005	0.0000000000	98.600000
0.0000000005	0.0000000000	98.700000
0.0000000005	0.0000000000	98.800000
0.0000000005	0.0000000000	98.900000
0.0000000005	0.0000000000	99.000000
0.0000000004	0.0000000000	99.100000
0.0000000004	0.0000000000	99.200000
0.0000000004	0.0000000000	99.300000
0.0000000004	0.0000000000	99.400000
0.0000000004	0.0000000000	99.500000
0.0000000004	0.0000000000	99.600000
0.0000000004	0.0000000000	99.700000
0.0000000004	0.0000000000	99.800000
0.0000000004	0.0000000000	99.900000
0.0000000004	0.0000000000	100.000000
