x1	x2	t
30.000000	3.000000	0.000000
32.202650	2.834497	0.100000
34.619426	2.696737	0.200000
37.263957	2.585216	0.300000
40.150164	2.498944	0.400000
43.291877	2.437483	0.500000
46.702311	2.401008	0.600000
50.393325	2.390400	0.700000
54.374418	2.407380	0.800000
58.651324	2.454698	0.900000
63.224093	2.536395	1.000000
68.084458	2.658167	1.100000
73.212251	2.827857	1.200000
78.570565	3.056109	1.300000
84.099315	3.357225	1.400000
89.706860	3.750237	1.500000
95.259541	4.260145	1.600000
100.569469	4.919150	1.700000
105.382094	5.767419	1.800000
109.367348	6.852421	1.900000
112.121753	8.225155	2.000000
113.193354	9.930848	2.100000
112.143433	11.991853	2.200000
108.652038	14.383073	2.300000
102.650557	17.006805	2.400000
94.427458	19.682287	2.500000
84.632470	22.166873	2.600000
74.140943	24.211314	2.700000
63.828664	25.626693	2.800000
54.370843	26.328701	2.900000
46.152099	26.340545	3.000000
39.290812	25.762916	3.100000
33.723487	24.733306	3.200000
29.293399	23.392471	3.300000
25.815294	21.864446	3.400000
23.112266	20.248474	3.500000
21.031916	18.618515	3.600000
19.450327	17.026455	3.700000
18.270159	15.506493	3.800000
17.416573	14.079433	3.900000
16.832848	12.756330	4.000000
16.476478	11.541384	4.100000
16.315973	10.434129	4.200000
16.328356	9.431053	4.300000
16.497250	8.526754	4.400000
16.811447	7.714769	4.500000
17.263829	6.988148	4.600000
17.850577	6.339843	4.700000
18.570577	5.762967	4.800000
19.424986	5.250965	4.900000
20.416905	4.797716	5.000000
21.551141	4.397586	5.100000
22.834019	4.045461	5.200000
24.273247	3.736750	5.300000
25.877797	3.467384	5.400000
27.657802	3.233803	5.500000
29.624456	3.032945	5.600000
31.789895	2.862239	5.700000
34.167055	2.719601	5.800000
36.769482	2.603436	5.900000
39.611068	2.512659	6.000000
42.705693	2.446729	6.100000
46.066731	2.405704	6.200000
49.706352	2.390330	6.300000
53.634571	2.402164	6.400000
57.857925	2.443752	6.500000
62.377660	2.518881	6.600000
67.187244	2.632914	6.700000
72.268973	2.793266	6.800000
77.589384	3.010016	6.900000
83.093130	3.296735	7.000000
88.694977	3.671514	7.100000
94.269707	4.158180	7.200000
99.640159	4.787557	7.300000
104.564639	5.598365	7.400000
108.726993	6.636915	7.500000
111.735992	7.954062	7.600000
113.145102	9.597092	7.700000
112.506656	11.594125	7.800000
109.469776	13.930623	7.900000
103.910935	16.523431	8.000000
96.050017	19.206287	8.100000
86.477649	21.744458	8.200000
76.043882	23.884818	8.300000
65.641552	25.423227	8.400000
55.992477	26.255059	8.500000
47.534673	26.385663	8.600000
40.429192	25.904748	8.700000
34.638363	24.946006	8.800000
30.016643	23.651485	8.900000
26.380451	22.149125	9.000000
23.549699	20.542839	9.100000
21.367018	18.910978	9.200000
19.703387	17.309096	9.300000
18.456941	15.774252	9.400000
17.549113	14.329375	9.500000
16.920222	12.987041	9.600000
16.525455	11.752508	9.700000
16.331539	10.626016	9.800000
16.314118	9.604505	9.900000
16.455744	8.682843	10.000000
16.744365	7.854713	10.100000
17.172191	7.113216	10.200000
17.734857	6.451301	10.300000
18.430796	5.862036	10.400000
19.260784	5.338799	10.500000
20.227590	4.875383	10.600000
21.335729	4.466065	10.700000
22.591264	4.105635	10.800000
24.001661	3.789409	10.900000
25.575673	3.513224	11.000000
27.323230	3.273428	11.100000
29.255344	3.066872	11.200000
31.383990	2.890896	11.300000
33.721973	2.743328	11.400000
36.282745	2.622483	11.500000
39.080158	2.527182	11.600000
42.128129	2.456784	11.700000
45.440165	2.411233	11.800000
49.028718	2.391142	11.900000
52.904274	2.397911	12.000000
57.074118	2.433892	12.100000
61.540611	2.502625	12.200000
66.298846	2.609160	12.300000
71.333433	2.760497	12.400000
76.614156	2.966184	12.500000
82.090149	3.239091	12.600000
87.682254	3.596406	12.700000
93.273304	4.060829	12.800000
98.696449	4.661836	12.900000
103.722511	5.436692	13.000000
108.049205	6.430462	13.100000
111.298153	7.693597	13.200000
113.029976	9.274935	13.300000
112.791267	11.207590	13.400000
110.204593	13.486699	13.500000
105.095495	16.043134	13.600000
97.616316	18.725590	13.700000
88.294861	21.308924	13.800000
77.948512	23.538427	13.900000
67.479909	25.196449	14.000000
57.653777	26.158367	14.100000
48.961902	26.410773	14.200000
41.610727	26.031029	14.300000
35.591453	25.147841	14.400000
30.772002	23.903825	14.500000
26.971803	22.430516	14.600000
24.008182	20.836459	14.700000
21.718968	19.204492	14.800000
19.969982	17.593982	14.900000
18.654708	16.044990	15.000000
17.690702	14.582695	15.100000
17.015191	13.221295	15.200000
16.580947	11.967175	15.300000
16.352830	10.821342	15.400000
16.305040	9.781224	15.500000
16.419007	8.841992	15.600000
16.681798	7.997488	15.700000
17.084926	7.240884	15.800000
17.623457	6.565131	15.900000
18.295360	5.963261	16.000000
19.101015	5.428585	16.100000
20.042854	4.954815	16.200000
21.125091	4.536139	16.300000
22.353523	4.167252	16.400000
23.735372	3.843375	16.500000
25.279166	3.560251	16.600000
26.994632	3.314138	16.700000
28.892593	3.101796	16.800000
30.984860	2.920479	16.900000
33.284101	2.767924	17.000000
35.803665	2.642361	17.100000
38.557356	2.542516	17.200000
41.559109	2.467647	17.300000
44.822547	2.417589	17.400000
48.360371	2.392826	17.500000
52.183502	2.394606	17.600000
56.299914	2.425094	17.700000
60.713009	2.487593	17.800000
65.419400	2.586854	17.900000
70.405872	2.729486	18.000000
75.645268	2.924525	18.100000
81.090954	3.184174	18.200000
86.669533	3.524760	18.300000
92.271509	3.967894	18.400000
97.739922	4.541740	18.500000
102.857749	5.282115	18.600000
107.336448	6.232759	18.700000
110.810948	7.443502	18.800000
112.850521	8.964281	18.900000
112.998956	10.832466	19.000000
110.856499	13.051986	19.100000
106.201994	15.567102	19.200000
99.121997	18.241708	19.300000
90.078657	20.861732	19.400000
79.849738	23.173145	19.500000
69.340110	24.946688	19.600000
59.352922	26.038330	19.700000
50.433465	26.415180	19.800000
42.836032	26.140905	19.900000
36.583793	25.337986	20.000000
31.560598	24.148791	20.100000
27.590374	22.708074	20.200000
24.488578	21.128935	20.300000
22.088457	19.498782	20.400000
20.250653	17.880934	20.500000
18.863873	16.318603	20.600000
17.841652	14.839342	20.700000
17.117989	13.459074	20.800000
16.643129	12.185396	20.900000
16.379973	11.020131	21.000000
16.301210	9.961246	21.100000
16.387098	9.004240	21.200000
16.623784	8.143138	21.300000
17.002051	7.371195	21.400000
17.516382	6.681376	21.500000
18.164260	6.066682	21.600000
18.945660	5.520360	21.700000
19.862667	5.036047	21.800000
20.919190	4.607838	21.900000
22.120751	4.230337	22.000000
23.474327	3.898670	22.100000
24.988219	3.608485	22.200000
26.671943	3.355949	22.300000
28.536132	3.137732	22.400000
30.592430	2.950999	22.500000
32.853359	2.793401	22.600000
35.332163	2.663076	22.700000
38.042583	2.558662	22.800000
40.998559	2.479317	22.900000
44.213810	2.424767	23.000000
47.701258	2.395372	23.100000
51.472223	2.392233	23.200000
55.535315	2.417333	23.300000
59.894904	2.473752	23.400000
64.549026	2.565952	23.500000
69.486510	2.700170	23.600000
74.683076	2.884954	23.700000
80.096088	3.131873	23.800000
85.657606	3.456429	23.900000
91.265431	3.879185	24.000000
96.772084	4.427033	24.100000
101.972307	5.134351	24.200000
106.591118	6.043502	24.300000
110.277070	7.203506	24.400000
112.609356	8.664992	24.500000
113.131628	10.468902	24.600000
111.425867	12.627073	24.700000
107.228609	15.096435	24.800000
100.563031	17.756120	24.900000
91.823679	20.404386	25.000000
81.742301	22.790084	25.100000
71.218214	24.674400	25.200000
61.087778	25.894753	25.300000
51.948812	26.398238	25.400000
44.105595	26.233537	25.500000
37.616376	25.515601	25.600000
32.383553	24.385652	25.700000
28.237216	22.981221	25.800000
24.991782	21.419842	25.900000
22.476207	19.793553	26.000000
20.545964	18.169761	26.100000
19.084869	16.594975	26.200000
18.002291	15.099256	26.300000
17.228862	13.700360	26.400000
16.712182	12.407175	26.500000
16.413102	11.222408	26.600000
16.302725	10.144605	26.700000
16.360082	9.169626	26.800000
16.570363	8.291703	26.900000
16.923591	7.504190	27.000000
17.413638	6.800076	27.100000
18.037489	6.172336	27.200000
18.794701	5.614161	27.300000
19.687002	5.119110	27.400000
20.717988	4.681193	27.500000
21.892904	4.294919	27.600000
23.218476	3.955319	27.700000
24.702771	3.657948	27.800000
26.355097	3.398880	27.900000
28.185892	3.174695	28.000000
30.206625	2.982469	28.100000
32.429672	2.819765	28.200000
34.868159	2.684636	28.300000
37.535759	2.575624	28.400000
40.446401	2.491794	28.500000
43.613884	2.432763	28.600000
47.051324	2.398771	28.700000
50.770402	2.390775	28.800000
54.780316	2.410587	28.900000
59.086338	2.461070	29.000000
63.687834	2.546411	29.100000
68.575548	2.672490	29.200000
73.727909	2.847393	29.300000
79.106055	3.082082	29.400000
84.647211	3.391272	29.500000
90.256119	3.794522	29.600000
95.794365	4.317486	29.700000
101.068059	4.993126	29.800000
105.815538	5.862389	29.900000
109.699177	6.973327	30.000000
112.309155	8.376898	30.100000
113.191374	10.116983	30.200000
111.913402	12.212463	30.300000
108.173938	14.632147	30.400000
101.935746	17.270256	30.500000
93.524709	19.938417	30.600000
83.620816	22.390451	30.700000
73.109984	24.380167	30.800000
62.855882	25.727548	30.900000
53.507144	26.359367	31.000000
45.419760	26.308102	31.100000
38.690135	25.679834	31.200000
33.241985	24.613656	31.300000
28.913401	23.249352	31.400000
25.518719	21.708728	31.500000
22.882971	20.088487	31.600000
20.856507	18.460253	31.700000
19.318152	16.873978	31.800000
18.172964	15.362370	31.900000
17.348068	13.945125	32.000000
16.788298	12.632514	32.100000
16.452355	11.428192	32.200000
16.309685	10.331331	32.300000
16.338031	9.338188	32.400000
16.521582	8.443226	32.500000
16.849571	7.639913	32.600000
17.315235	6.921273	32.700000
17.915043	6.280263	32.800000
18.648122	5.710024	32.900000
19.515832	5.204040	33.000000
20.521450	4.756234	33.100000
21.669939	4.361024	33.200000
22.967766	4.013346	33.300000
24.422767	3.708661	33.400000
26.044032	3.442949	33.500000
27.841803	3.212700	33.600000
29.827371	3.014901	33.700000
32.012960	2.847029	33.800000
34.411573	2.707046	33.900000
37.036803	2.593407	34.000000
39.902559	2.505077	34.100000
43.022698	2.441573	34.200000
46.410509	2.403014	34.300000
50.077998	2.390220	34.400000
54.034906	2.404836	34.500000
58.287343	2.449518	34.600000
62.835915	2.528188	34.700000
67.673164	2.646390	34.800000
72.780069	2.811766	34.900000
78.121324	3.034700	35.000000
83.639043	3.329156	35.100000
89.244558	3.713729	35.200000
94.808120	4.212879	35.300000
100.146795	4.858174	35.400000
105.011953	5.689120	35.500000
109.079885	6.752672	35.600000
111.952622	8.099798	35.700000
113.180449	9.776735	35.800000
112.320126	11.808574	35.900000
109.036996	14.175157	36.000000
103.236851	16.785491	36.100000
95.176714	19.465371	36.200000
85.479816	21.975542	36.300000
75.010899	24.064693	36.400000
64.654440	25.536739	36.500000
55.107391	26.298054	36.600000
46.778708	26.363802	36.700000
39.805933	25.829826	36.800000
34.137001	24.832025	36.900000
29.620022	23.511836	37.000000
26.070344	21.995115	37.100000
23.309534	20.383245	37.200000
21.182901	18.752183	37.300000
19.564199	17.155473	37.400000
18.354035	15.628604	37.500000
17.475882	14.193337	37.600000
16.871681	12.861412	37.700000
16.497884	11.637501	37.800000
16.322197	10.521457	37.900000
16.321018	9.509966	38.000000
16.477489	8.597749	38.100000
16.780018	7.778405	38.200000
17.221185	7.045007	38.300000
17.796921	6.390503	38.400000
18.505910	5.807987	38.500000
19.349134	5.290871	38.600000
20.329544	4.832994	38.700000
21.451814	4.428682	38.800000
22.722149	4.072777	38.900000
24.148149	3.760646	39.000000
25.738684	3.488175	39.100000
27.503796	3.251764	39.200000
29.454596	3.048310	39.300000
31.603147	2.875202	39.400000
33.962326	2.730315	39.500000
36.545637	2.612013	39.600000
39.366955	2.519169	39.700000
42.440180	2.451194	39.800000
45.778750	2.408095	39.900000
49.394967	2.390556	40.000000
53.299069	2.400061	40.100000
57.497941	2.439067	40.200000
61.993351	2.511246	40.300000
66.779524	2.621817	40.400000
71.839835	2.778001	40.500000
77.142330	2.989631	40.600000
82.633749	3.269954	40.700000
88.231677	3.636643	40.800000
93.814633	4.113002	40.900000
99.210224	4.729236	41.000000
104.182532	5.523399	41.100000
108.421757	6.541242	41.200000
111.542483	7.833467	41.300000
113.101240	9.448133	41.400000
112.647342	11.415740	41.500000
109.817202	13.726292	41.600000
104.463457	16.303129	41.700000
96.774895	18.986790	41.800000
87.313803	21.546730	41.900000
76.916190	23.728806	42.000000
66.480327	25.322466	42.100000
56.748200	26.213866	42.200000
48.182438	26.399874	42.300000
40.964549	25.964718	42.400000
35.069691	25.039961	42.500000
30.358184	23.768011	42.600000
26.647643	22.278498	42.700000
23.756712	20.677465	42.800000
21.525795	19.045306	42.900000
19.823513	17.439303	43.000000
18.545886	15.897872	43.100000
17.612591	14.444955	43.200000
16.962546	13.093861	43.300000
16.549846	11.850351	43.400000
16.340376	10.715009	43.500000
16.309125	9.684995	43.600000
16.438139	8.755311	43.700000
16.714966	7.919709	43.800000
17.131502	7.171322	43.900000
17.683122	6.503097	44.000000
18.368052	5.908087	44.100000
19.186885	5.379637	44.200000
20.142238	4.911503	44.300000
21.238488	4.497921	44.400000
22.481578	4.133638	44.500000
23.878863	3.813926	44.600000
25.438993	3.534578	44.700000
27.171806	3.291903	44.800000
29.088226	3.082708	44.900000
31.200157	2.904295	45.000000
33.520339	2.754450	45.100000
36.062179	2.631449	45.200000
38.839509	2.534070	45.300000
41.866256	2.461624	45.400000
45.155984	2.414006	45.500000
48.721261	2.391769	45.600000
52.572780	2.396243	45.700000
56.718146	2.429692	45.800000
61.160210	2.495548	45.900000
65.894772	2.598721	46.000000
70.907458	2.746030	46.100000
76.169477	2.946785	46.200000
81.631934	3.213546	46.300000
87.218349	3.563104	46.400000
92.815118	4.017652	46.500000
98.259975	4.606061	46.600000
103.329358	5.364934	46.700000
107.727297	6.338736	46.800000
111.081458	7.577659	46.900000
112.956248	9.131102	47.000000
112.896614	11.034219	47.100000
110.514363	13.286288	47.200000
105.613089	15.824403	47.300000
98.314723	18.504205	47.400000
89.117288	21.105449	47.500000
78.820862	23.373452	47.600000
68.330088	25.084992	47.700000
58.427920	26.106458	47.800000
49.630749	26.415594	47.900000
42.166660	26.083651	48.000000
36.041113	25.236645	48.100000
31.129007	24.017188	48.200000
27.251630	22.558344	48.300000
24.225352	20.970759	48.400000
21.885866	19.339358	48.500000
20.096620	17.725300	48.600000
18.748920	16.170076	48.700000
17.758499	14.699933	48.800000
17.061119	13.329848	48.900000
16.608409	12.066752	49.000000
16.364343	10.912016	49.100000
16.302436	9.863311	49.200000
16.403588	8.915953	49.300000
16.654450	8.063866	49.400000
17.046204	7.300259	49.500000
17.573650	6.618085	49.600000
18.234538	6.010363	49.700000
19.029064	5.470374	49.800000
19.959501	4.991795	49.900000
21.029924	4.568771	50.000000
22.246005	4.195955	50.100000
23.614855	3.868524	50.200000
25.144898	3.582179	50.300000
26.845765	3.333135	50.400000
28.728192	3.118112	50.500000
30.803913	2.934321	50.600000
33.085532	2.779461	50.700000
35.586350	2.651720	50.800000
38.320143	2.549783	50.900000
41.300851	2.472863	51.000000
44.542145	2.420743	51.100000
48.056828	2.393851	51.200000
51.856011	2.393365	51.300000
55.947966	2.421368	51.400000
60.336549	2.481059	51.500000
65.019038	2.577054	51.600000
69.983173	2.715789	51.700000
75.203138	2.906074	51.800000
80.634163	3.159817	51.900000
86.205392	3.492962	52.000000
91.810723	3.926634	52.100000
97.297597	4.488408	52.200000
102.454435	5.213442	52.300000
106.998941	6.144848	52.400000
110.572258	7.332109	52.500000
112.748056	8.825527	52.600000
113.069736	10.664197	52.700000
111.128658	12.855786	52.800000
106.683693	15.350462	52.900000
99.791982	18.019115	53.000000
90.884852	20.653184	53.100000
80.719733	22.999685	53.200000
70.199945	24.824707	53.300000
60.144584	25.975580	53.400000
51.123215	26.410286	53.500000
43.412824	26.185776	53.600000
37.052285	25.421244	53.700000
31.933614	24.258652	53.800000
27.883342	22.834091	53.900000
24.716333	21.262716	54.000000
22.263820	19.634053	54.100000
20.384071	18.013281	54.200000
18.963559	16.445105	54.300000
17.913924	14.958214	54.400000
17.167639	13.569357	54.500000
16.673750	12.286712	54.600000
16.394228	11.112501	54.700000
16.301044	10.044948	54.800000
16.373900	9.079715	54.900000
16.598510	8.210920	55.000000
16.965312	7.431860	55.100000
17.468509	6.735508	55.200000
18.105362	6.114854	55.300000
18.875653	5.563119	55.400000
19.781304	5.073903	55.500000
20.826083	4.641261	55.600000
22.015386	4.259754	55.700000
23.356073	3.924464	55.800000
24.856341	3.630998	55.900000
26.525608	3.375478	56.000000
28.374421	3.154534	56.100000
30.414342	2.965290	56.200000
32.657828	2.805356	56.300000
35.118069	2.672832	56.400000
37.808777	2.566312	56.500000
40.743889	2.484909	56.600000
43.937163	2.428300	56.700000
47.401613	2.396791	56.800000
51.148730	2.391413	56.900000
55.187399	2.414072	57.000000
59.522416	2.467748	57.100000
64.152438	2.556772	57.200000
69.067189	2.687217	57.300000
74.243655	2.867417	57.400000
79.640961	3.108656	57.500000
85.193575	3.426072	57.600000
90.802531	3.839762	57.700000
96.324563	4.376043	57.800000
101.559683	5.068642	57.900000
106.239057	5.959276	58.000000
110.017565	7.096539	58.100000
112.479316	8.531255	58.200000
113.168705	10.305793	58.300000
111.660616	12.435335	58.400000
107.673638	14.882368	58.500000
101.202797	17.532981	58.600000
92.611187	20.191456	58.700000
82.607472	22.608664	58.800000
72.085813	24.542123	58.900000
61.895904	25.821085	59.000000
52.659175	26.383334	59.100000
44.703468	26.270259	59.200000
38.104176	25.592909	59.300000
32.773128	24.491660	59.400000
28.543842	23.105149	59.500000
25.230564	21.552899	59.600000
22.660396	19.929087	59.700000
20.686445	18.303044	59.800000
19.190247	16.722840	59.900000
18.079205	15.219736	60.000000
17.282360	13.812364	60.100000
16.746055	12.510236	60.200000
16.430167	11.316485	60.300000
16.305047	10.229940	60.400000
16.349143	9.246637	60.500000
16.547188	8.360912	60.600000
16.888849	7.566168	60.700000
17.367708	6.855408	60.800000
17.980516	6.221599	60.900000
18.726634	5.657909	61.000000
19.607622	5.157860	61.100000
20.626931	4.715422	61.200000
21.789676	4.325064	61.300000
23.102466	3.981771	61.400000
24.573262	3.681056	61.500000
26.211272	3.418950	61.600000
28.026845	3.191992	61.700000
30.031368	2.997216	61.800000
32.237148	2.832146	61.900000
34.657257	2.694792	62.000000
37.305331	2.583658	62.100000
40.195292	2.497762	62.200000
43.340968	2.436675	62.300000
46.755558	2.400580	62.400000
50.450897	2.390371	62.500000
54.436438	2.407783	62.600000
58.717848	2.455582	62.700000
63.295072	2.537832	62.800000
68.159698	2.660257	62.900000
73.291347	2.830736	63.000000
78.652817	3.059961	63.100000
84.183617	3.362298	63.200000
89.791561	3.756858	63.300000
95.342270	4.268741	63.400000
100.646940	4.930265	63.500000
105.449935	5.781718	63.600000
109.420022	6.870662	63.700000
112.152722	8.248100	63.800000
113.195694	9.959066	63.900000
112.111093	12.025401	64.000000
108.581712	14.421093	64.100000
102.543662	17.047211	64.200000
94.291146	19.721805	64.300000
84.478643	22.201640	64.400000
73.983315	24.237881	64.500000
63.679262	25.642934	64.600000
54.237704	26.334185	64.700000
46.038863	26.336287	64.800000
39.197691	25.750785	64.900000
33.648665	24.715448	65.000000
29.234214	23.370900	65.100000
25.768988	21.840842	65.200000
23.076361	20.224131	65.300000
21.004348	18.594371	65.400000
19.429450	17.003146	65.500000
18.254695	15.484425	65.600000
17.405546	14.058840	65.700000
16.825523	12.737323	65.800000
16.472306	11.523990	65.900000
16.314549	10.418318	66.000000
16.329387	9.416756	66.100000
16.500533	8.513883	66.200000
16.816843	7.703225	66.300000
17.271257	6.977826	66.400000
17.859999	6.330638	66.500000
18.581994	5.754779	66.600000
19.438428	5.243701	66.700000
20.432432	4.791286	66.800000
21.568834	4.391912	66.900000
22.853983	4.040469	67.000000
24.295606	3.732376	67.100000
25.902693	3.463571	67.200000
27.685394	3.230500	67.300000
29.654918	3.030111	67.400000
31.823416	2.859840	67.500000
34.203834	2.717608	67.600000
36.809725	2.601828	67.700000
39.654984	2.511424	67.800000
42.753490	2.445862	67.900000
46.118603	2.405211	68.000000
49.762471	2.390228	68.100000
53.695069	2.402481	68.200000
57.922870	2.444535	68.300000
62.447028	2.520195	68.400000
67.260873	2.634854	68.500000
72.346504	2.795957	68.600000
77.670186	3.013633	68.700000
83.176192	3.301509	68.800000
88.778776	3.677753	68.900000
94.352043	4.166287	69.000000
99.717960	4.798047	69.100000
104.633790	5.611874	69.200000
108.782225	6.654182	69.300000
111.770993	7.975849	69.400000
113.153026	9.624015	69.500000
112.481243	11.626361	69.600000
109.407116	13.967517	69.700000
103.811467	16.563151	69.800000
95.919790	19.245782	69.900000
86.327751	21.779949	70.000000
75.887808	23.912743	70.100000
65.491709	25.441205	70.200000
55.857605	26.262363	70.300000
47.419109	26.383075	70.400000
40.333657	25.894011	70.500000
34.561328	24.929226	70.600000
29.955560	23.630696	70.700000
26.332575	22.126055	70.800000
23.512517	20.518836	70.900000
21.338412	18.887027	71.000000
19.681658	17.285875	71.100000
18.440766	15.752200	71.200000
17.537479	14.308748	71.300000
16.912362	12.967970	71.400000
16.520797	11.735030	71.500000
16.329660	10.610111	71.600000
16.314712	9.590111	71.700000
16.458594	8.669876	71.800000
16.749324	7.843074	71.900000
17.179169	7.102803	72.000000
17.743810	6.442011	72.100000
18.441718	5.853769	72.200000
19.273700	5.331460	72.300000
20.242554	4.868885	72.400000
21.352817	4.460327	72.500000
22.610576	4.100584	72.600000
24.023316	3.784980	72.700000
25.599809	3.509358	72.800000
27.350001	3.270076	72.900000
29.284920	3.063990	73.000000
31.416554	2.888449	73.100000
33.757721	2.741286	73.200000
36.321878	2.620825	73.300000
39.122884	2.525895	73.400000
42.174653	2.455861	73.500000
45.490684	2.410678	73.600000
49.083406	2.390969	73.700000
52.963271	2.398146	73.800000
57.137504	2.434578	73.900000
61.608381	2.503822	74.000000
66.370868	2.610955	74.100000
71.409394	2.763011	74.200000
76.693487	2.969577	74.300000
82.171928	3.243581	74.400000
87.765079	3.602283	74.500000
93.355135	4.068471	74.600000
98.774420	4.671732	74.700000
103.792752	5.449452	74.800000
108.106716	6.446798	74.900000
111.336860	7.714267	75.000000
113.043146	9.300593	75.100000
112.772497	11.238516	75.200000
110.149448	13.522425	75.300000
105.003505	16.082074	75.400000
97.492435	18.764926	75.500000
88.149287	21.344994	75.600000
77.794404	23.567594	75.700000
67.329960	25.216095	75.800000
57.517385	26.167473	75.900000
48.844115	26.409877	76.000000
41.512808	26.021726	76.100000
35.512192	25.132186	76.200000
30.708992	23.883863	76.300000
26.922324	22.408019	76.400000
23.969693	20.812826	76.500000
21.689300	19.180759	76.600000
19.947385	17.570868	76.700000
18.637811	16.022967	76.800000
17.678453	14.562045	76.900000
17.006793	13.202166	77.000000
16.575804	11.949620	77.100000
16.350499	10.805347	77.200000
16.305200	9.766736	77.300000
16.421429	8.828930	77.400000
16.686326	7.985757	77.500000
17.091461	7.230383	77.600000
17.631949	6.555758	77.700000
18.305796	5.954916	77.800000
19.113415	5.421174	77.900000
20.057266	4.948250	78.000000
21.141587	4.530338	78.100000
22.372197	4.162142	78.200000
23.756339	3.838890	78.300000
25.302559	3.556333	78.400000
27.020600	3.310736	78.500000
28.921301	3.098867	78.600000
31.016487	2.917984	78.700000
33.318837	2.765835	78.800000
35.841711	2.640655	78.900000
38.598915	2.541177	79.000000
41.604385	2.466669	79.100000
44.871737	2.416973	79.200000
48.413651	2.392585	79.300000
52.241018	2.394762	79.400000
56.361758	2.425686	79.500000
60.779195	2.488679	79.600000
65.489822	2.588513	79.700000
70.480260	2.731830	79.800000
75.723110	2.927705	79.900000
81.171412	3.188395	80.000000
86.751318	3.530293	80.100000
92.352731	3.975097	80.200000
97.817912	4.551074	80.300000
102.928873	5.294160	80.400000
107.395971	6.248205	80.500000
110.853044	7.463097	80.600000
112.868600	8.988706	80.700000
112.986530	10.862090	80.800000
110.808691	13.086509	80.900000
106.117493	15.605176	81.000000
99.004683	18.280758	81.100000
89.937780	20.898237	81.200000
79.698013	23.203430	81.300000
69.190406	24.967925	81.400000
59.215247	26.049213	81.500000
50.313579	26.415988	81.600000
42.735771	26.133073	81.700000
36.502302	25.323501	81.800000
31.495635	24.129699	81.900000
27.539263	22.686186	82.000000
24.448754	21.105704	82.100000
22.057704	19.475291	82.200000
20.227170	17.857946	82.300000
18.846241	16.296623	82.400000
17.828780	14.818680	82.500000
17.109048	13.439897	82.600000
16.637498	12.167769	82.700000
16.377191	11.004052	82.800000
16.300939	9.946668	82.900000
16.389096	8.991085	83.000000
16.627886	8.131316	83.100000
17.008151	7.360607	83.200000
17.524421	6.671920	83.300000
18.174219	6.058259	83.400000
18.957554	5.512877	83.500000
19.876538	5.029414	83.600000
20.935105	4.601975	83.700000
22.138801	4.225170	83.800000
23.494620	3.894131	83.900000
25.010883	3.604517	84.000000
26.697123	3.352499	84.100000
28.563990	3.134756	84.200000
30.623139	2.948458	84.300000
32.887106	2.791265	84.400000
35.369143	2.661323	84.500000
38.082997	2.557274	84.600000
41.042610	2.478286	84.700000
44.261693	2.424093	84.800000
47.753153	2.395065	84.900000
51.528281	2.392312	85.000000
55.595637	2.417836	85.100000
59.959521	2.474731	85.200000
64.617859	2.567481	85.300000
69.559324	2.702353	85.400000
74.759416	2.887933	85.500000
80.175192	3.135839	85.600000
85.738291	3.461636	85.700000
91.345950	3.885971	85.800000
96.849953	4.435834	85.900000
102.044121	5.145719	86.000000
106.652400	6.058100	86.100000
110.322247	7.222070	86.200000
112.632009	8.688220	86.300000
113.125236	10.497238	86.400000
111.385188	12.660369	86.500000
107.151568	15.133570	86.600000
100.452466	17.794764	86.700000
91.687849	20.441184	86.800000
81.593369	22.821358	86.900000
71.069120	24.697142	87.000000
60.949075	25.907377	87.100000
51.826967	26.400759	87.200000
44.003045	26.227208	87.300000
37.532657	25.502328	87.400000
32.316614	24.367475	87.500000
28.184442	22.959982	87.600000
24.950594	21.397043	87.700000
22.444346	19.770329	87.800000
20.521577	18.146919	87.900000
19.066490	16.573055	88.000000
17.988788	15.078594	88.100000
17.219374	13.681143	88.200000
16.706062	12.389483	88.300000
16.409868	11.206250	88.400000
16.302025	10.129939	88.500000
16.361661	9.156382	88.600000
16.574045	8.279793	88.700000
16.929262	7.493517	88.800000
17.421232	6.790540	88.900000
18.046981	6.163837	89.000000
18.806099	5.606607	89.100000
19.700343	5.112412	89.200000
20.733335	4.675269	89.300000
21.910342	4.289694	89.400000
23.238109	3.950727	89.500000
24.724723	3.653929	89.600000
26.379507	3.395382	89.700000
28.212917	3.171672	89.800000
30.236435	2.979883	89.900000
32.462448	2.817585	90.000000
34.904094	2.682836	90.100000
37.575050	2.574188	90.200000
40.489249	2.490711	90.300000
43.660484	2.432032	90.400000
47.101857	2.398400	90.500000
50.825023	2.390782	90.600000
54.839136	2.411004	90.700000
59.149402	2.461946	90.800000
63.755087	2.547815	90.900000
68.646790	2.674519	91.000000
73.802736	2.850180	91.100000
79.183776	3.085806	91.200000
84.726743	3.396171	91.300000
90.335848	3.800913	91.400000
95.871983	4.325782	91.500000
101.140380	5.003850	91.600000
105.878338	5.876178	91.700000
109.747139	6.990901	91.800000
112.336051	8.398965	91.900000
113.190700	10.144049	92.000000
111.879622	12.244517	92.100000
108.104291	14.668278	92.200000
101.832070	17.308382	92.300000
93.394245	19.975368	92.400000
83.475081	22.422583	92.500000
72.961873	24.404319	92.600000
62.716425	25.741869	92.700000
53.383499	26.363600	92.800000
45.314989	26.303304	92.900000
38.604197	25.667814	93.000000
33.173053	24.596436	93.100000
28.858936	23.228802	93.200000
25.476139	21.686396	93.300000
22.849979	20.065557	93.400000
20.831198	18.437577	93.500000
19.299013	16.852133	93.600000
18.158822	15.341719	93.700000
17.338028	13.925878	93.800000
16.781687	12.614765	93.900000
16.448671	11.411960	94.000000
16.308557	10.316584	94.100000
16.339194	9.324859	94.200000
16.524849	8.431231	94.300000
16.854819	7.629157	94.400000
17.322391	6.911657	94.500000
17.924076	6.271690	94.600000
18.659034	5.702400	94.700000
19.528655	5.197277	94.800000
20.536242	4.750250	94.900000
21.686778	4.355743	95.000000
22.986753	4.008702	95.100000
24.444021	3.704592	95.200000
26.067688	3.439403	95.300000
27.868012	3.209631	95.400000
29.856300	3.012271	95.500000
32.044786	2.844804	95.600000
34.446484	2.705201	95.700000
37.074994	2.591923	95.800000
39.944227	2.503944	95.900000
43.068038	2.440787	96.000000
46.459702	2.402581	96.100000
50.131204	2.390157	96.200000
54.092244	2.405171	96.300000
58.348871	2.450296	96.400000
62.901600	2.529474	96.500000
67.742839	2.648273	96.600000
72.853375	2.814371	96.700000
78.197638	3.038194	96.800000
83.717374	3.333763	96.900000
89.323418	3.719747	97.000000
94.885367	4.220697	97.100000
100.219453	4.868288	97.200000
105.076044	5.702140	97.300000
109.130348	6.769298	97.400000
111.983438	8.120744	97.500000
113.185170	9.802555	97.600000
112.292992	11.839377	97.700000
108.974642	14.210231	97.800000
103.140166	16.822995	97.900000
95.051906	19.502340	98.000000
85.337670	22.008397	98.100000
74.864156	24.090153	98.200000
64.514522	25.552704	98.300000
54.982123	26.303991	98.400000
46.671797	26.360560	98.500000
39.717796	25.819100	98.600000
34.066062	24.815805	98.700000
29.563839	23.492014	98.800000
26.026345	21.973283	98.900000
23.275387	20.360637	99.000000
21.156652	18.729695	99.100000
19.544286	17.133719	99.200000
18.339245	15.607978	99.300000
17.465285	14.174069	99.400000
16.864577	12.843612	99.500000
16.493749	11.621201	99.600000
16.320645	10.506631	99.700000
16.321770	9.496555	99.800000
16.480347	8.585670	99.900000
16.784850	7.767568	100.000000
