x1	x2	t
0.000000	1.000000	0.000000
0.0100000000	1.0000000000	0.010000
0.0200000000	0.9999000000	0.020000
0.0299990000	0.9997000000	0.030000
0.0399960000	0.9994000100	0.040000
0.0499900001	0.9990000500	0.050000
0.0599800006	0.9985001500	0.060000
0.0699650021	0.9979003500	0.070000
0.0799440056	0.9972007000	0.080000
0.0899160126	0.9964012599	0.090000
0.0998800252	0.9955020998	0.100000
0.1098350462	0.9945032995	0.110000
0.1197800792	0.9934049491	0.120000
0.1297141287	0.9922071483	0.130000
0.1396362002	0.9909100070	0.140000
0.1495453002	0.9895136450	0.150000
0.1594404367	0.9880181920	0.160000
0.1693206186	0.9864237876	0.170000
0.1791848565	0.9847305814	0.180000
0.1890321623	0.9829387329	0.190000
0.1988615496	0.9810484113	0.200000
0.2086720337	0.9790597958	0.210000
0.2184626317	0.9769730754	0.220000
0.2282323624	0.9747884491	0.230000
0.2379802469	0.9725061255	0.240000
0.2477053082	0.9701263230	0.250000
0.2574065714	0.9676492699	0.260000
0.2670830641	0.9650752042	0.270000
0.2767338162	0.9624043736	0.280000
0.2863578599	0.9596370354	0.290000
0.2959542303	0.9567734568	0.300000
0.3055219648	0.9538139145	0.310000
0.3150601040	0.9507586949	0.320000
0.3245676909	0.9476080938	0.330000
0.3340437719	0.9443624169	0.340000
0.3434873960	0.9410219792	0.350000
0.3528976158	0.9375871052	0.360000
0.3622734869	0.9340581291	0.370000
0.3716140682	0.9304353942	0.380000
0.3809184221	0.9267192535	0.390000
0.3901856146	0.9229100693	0.400000
0.3994147153	0.9190082132	0.410000
0.4086047975	0.9150140660	0.420000
0.4177549381	0.9109280180	0.430000
0.4268642183	0.9067504686	0.440000
0.4359317230	0.9024818265	0.450000
0.4449565413	0.8981225092	0.460000
0.4539377663	0.8936729438	0.470000
0.4628744958	0.8891335662	0.480000
0.4717658314	0.8845048212	0.490000
0.4806108797	0.8797871629	0.500000
0.4894087513	0.8749810541	0.510000
0.4981585618	0.8700869666	0.520000
0.5068594315	0.8651053810	0.530000
0.5155104853	0.8600367866	0.540000
0.5241108532	0.8548816818	0.550000
0.5326596700	0.8496405733	0.560000
0.5411560757	0.8443139766	0.570000
0.5495992155	0.8389024158	0.580000
0.5579882396	0.8334064236	0.590000
0.5663223039	0.8278265412	0.600000
0.5746005693	0.8221633182	0.610000
0.5828222025	0.8164173125	0.620000
0.5909863756	0.8105890905	0.630000
0.5990922665	0.8046792267	0.640000
0.6071390588	0.7986883041	0.650000
0.6151259418	0.7926169135	0.660000
0.6230521109	0.7864656541	0.670000
0.6309167675	0.7802351330	0.680000
0.6387191188	0.7739259653	0.690000
0.6464583785	0.7675387741	0.700000
0.6541337662	0.7610741903	0.710000
0.6617445081	0.7545328526	0.720000
0.6692898366	0.7479154076	0.730000
0.6767689907	0.7412225092	0.740000
0.6841812158	0.7344548193	0.750000
0.6915257640	0.7276130071	0.760000
0.6988018941	0.7206977495	0.770000
0.7060088716	0.7137097306	0.780000
0.7131459689	0.7066496418	0.790000
0.7202124653	0.6995181821	0.800000
0.7272076471	0.6923160575	0.810000
0.7341308077	0.6850439810	0.820000
0.7409812475	0.6777026729	0.830000
0.7477582742	0.6702928605	0.840000
0.7544612028	0.6628152777	0.850000
0.7610893556	0.6552706657	0.860000
0.7676420623	0.6476597721	0.870000
0.7741186600	0.6399833515	0.880000
0.7805184935	0.6322421649	0.890000
0.7868409152	0.6244369800	0.900000
0.7930852850	0.6165685708	0.910000
0.7992509707	0.6086377180	0.920000
0.8053373478	0.6006452083	0.930000
0.8113437999	0.5925918348	0.940000
0.8172697183	0.5844783968	0.950000
0.8231145022	0.5763056996	0.960000
0.8288775592	0.5680745546	0.970000
0.8345583048	0.5597857790	0.980000
0.8401561626	0.5514401960	0.990000
0.8456705645	0.5430386343	1.000000
0.8511009509	0.5345819287	1.010000
0.8564467702	0.5260709192	1.020000
0.8617074794	0.5175064515	1.030000
0.8668825439	0.5088893767	1.040000
0.8719714376	0.5002205512	1.050000
0.8769736431	0.4915008369	1.060000
0.8818886515	0.4827311004	1.070000
0.8867159625	0.4739122139	1.080000
0.8914550847	0.4650450543	1.090000
0.8961055352	0.4561305034	1.100000
0.9006668402	0.4471694481	1.110000
0.9051385347	0.4381627797	1.120000
0.9095201625	0.4291113943	1.130000
0.9138112765	0.4200161927	1.140000
0.9180114384	0.4108780800	1.150000
0.9221202192	0.4016979656	1.160000
0.9261371988	0.3924767634	1.170000
0.9300619665	0.3832153914	1.180000
0.9338941204	0.3739147717	1.190000
0.9376332681	0.3645758305	1.200000
0.9412790264	0.3551994978	1.210000
0.9448310214	0.3457867076	1.220000
0.9482888885	0.3363383974	1.230000
0.9516522724	0.3268555085	1.240000
0.9549208275	0.3173389858	1.250000
0.9580942174	0.3077897775	1.260000
0.9611721152	0.2982088353	1.270000
0.9641542035	0.2885971142	1.280000
0.9670401747	0.2789555721	1.290000
0.9698297304	0.2692851704	1.300000
0.9725225821	0.2595868731	1.310000
0.9751184508	0.2498616473	1.320000
0.9776170673	0.2401104627	1.330000
0.9800181719	0.2303342921	1.340000
0.9823215148	0.2205341104	1.350000
0.9845268559	0.2107108952	1.360000
0.9866339649	0.2008656266	1.370000
0.9886426211	0.1909992870	1.380000
0.9905526140	0.1811128608	1.390000
0.9923637426	0.1712073346	1.400000
0.9940758160	0.1612836972	1.410000
0.9956886529	0.1513429391	1.420000
0.9972020823	0.1413860525	1.430000
0.9986159429	0.1314140317	1.440000
0.9999300832	0.1214278723	1.450000
1.0011443619	0.1114285714	1.460000
1.0022586476	0.1014171278	1.470000
1.0032728189	0.0913945413	1.480000
1.0041867643	0.0813618132	1.490000
1.0050003824	0.0713199455	1.500000
1.0057135819	0.0612699417	1.510000
1.0063262813	0.0512128059	1.520000
1.0068384094	0.0411495431	1.530000
1.0072499048	0.0310811590	1.540000
1.0075607164	0.0210086599	1.550000
1.0077708030	0.0109330528	1.560000
1.0078801335	0.0008553447	1.570000
1.0078886870	-0.0092234566	1.580000
1.0077964524	-0.0193023435	1.590000
1.0076034290	-0.0293803080	1.600000
1.0073096259	-0.0394563423	1.610000
1.0069150625	-0.0495294386	1.620000
1.0064197681	-0.0595985892	1.630000
1.0058237822	-0.0696627869	1.640000
1.0051271543	-0.0797210247	1.650000
1.0043299441	-0.0897722962	1.660000
1.0034322211	-0.0998155957	1.670000
1.0024340651	-0.1098499179	1.680000
1.0013355660	-0.1198742585	1.690000
1.0001368234	-0.1298876142	1.700000
0.9988379472	-0.1398889824	1.710000
0.9974390574	-0.1498773619	1.720000
0.9959402838	-0.1598517525	1.730000
0.9943417663	-0.1698111553	1.740000
0.9926436547	-0.1797545730	1.750000
0.9908461090	-0.1896810095	1.760000
0.9889492989	-0.1995894706	1.770000
0.9869534042	-0.2094789636	1.780000
0.9848586146	-0.2193484976	1.790000
0.9826651296	-0.2291970838	1.800000
0.9803731587	-0.2390237351	1.810000
0.9779829214	-0.2488274667	1.820000
0.9754946467	-0.2586072959	1.830000
0.9729085738	-0.2683622423	1.840000
0.9702249513	-0.2780913281	1.850000
0.9674440381	-0.2877935776	1.860000
0.9645661023	-0.2974680180	1.870000
0.9615914221	-0.3071136790	1.880000
0.9585202853	-0.3167295932	1.890000
0.9553529894	-0.3263147961	1.900000
0.9520898414	-0.3358683260	1.910000
0.9487311582	-0.3453892244	1.920000
0.9452772659	-0.3548765360	1.930000
0.9417285006	-0.3643293086	1.940000
0.9380852075	-0.3737465936	1.950000
0.9343477415	-0.3831274457	1.960000
0.9305164671	-0.3924709231	1.970000
0.9265917578	-0.4017760878	1.980000
0.9225739970	-0.4110420054	1.990000
0.9184635769	-0.4202677453	2.000000
0.9142608995	-0.4294523811	2.010000
0.9099663757	-0.4385949901	2.020000
0.9055804258	-0.4476946539	2.030000
0.9011034792	-0.4567504581	2.040000
0.8965359746	-0.4657614929	2.050000
0.8918783597	-0.4747268527	2.060000
0.8871310912	-0.4836456363	2.070000
0.8822946348	-0.4925169472	2.080000
0.8773694653	-0.5013398935	2.090000
0.8723560664	-0.5101135882	2.100000
0.8672549305	-0.5188371488	2.110000
0.8620665590	-0.5275096981	2.120000
0.8567914621	-0.5361303637	2.130000
0.8514301584	-0.5446982783	2.140000
0.8459831756	-0.5532125799	2.150000
0.8404510498	-0.5616724117	2.160000
0.8348343257	-0.5700769222	2.170000
0.8291335565	-0.5784252654	2.180000
0.8233493038	-0.5867166010	2.190000
0.8174821378	-0.5949500940	2.200000
0.8115326369	-0.6031249154	2.210000
0.8055013877	-0.6112402418	2.220000
0.7993889853	-0.6192952557	2.230000
0.7931960328	-0.6272891455	2.240000
0.7869231413	-0.6352211058	2.250000
0.7805709302	-0.6430903373	2.260000
0.7741400269	-0.6508960466	2.270000
0.7676310664	-0.6586374468	2.280000
0.7610446919	-0.6663137575	2.290000
0.7543815544	-0.6739242044	2.300000
0.7476423123	-0.6814680200	2.310000
0.7408276321	-0.6889444431	2.320000
0.7339381877	-0.6963527194	2.330000
0.7269746605	-0.7036921013	2.340000
0.7199377395	-0.7109618479	2.350000
0.7128281210	-0.7181612253	2.360000
0.7056465088	-0.7252895065	2.370000
0.6983936137	-0.7323459716	2.380000
0.6910701540	-0.7393299077	2.390000
0.6836768549	-0.7462406093	2.400000
0.6762144488	-0.7530773778	2.410000
0.6686836750	-0.7598395223	2.420000
0.6610852798	-0.7665263590	2.430000
0.6534200162	-0.7731372118	2.440000
0.6456886441	-0.7796714120	2.450000
0.6378919300	-0.7861282984	2.460000
0.6300306470	-0.7925072177	2.470000
0.6221055748	-0.7988075242	2.480000
0.6141174996	-0.8050285800	2.490000
0.6060672138	-0.8111697550	2.500000
0.5979555162	-0.8172304271	2.510000
0.5897832119	-0.8232099823	2.520000
0.5815511121	-0.8291078144	2.530000
0.5732600340	-0.8349233255	2.540000
0.5649108007	-0.8406559258	2.550000
0.5565042415	-0.8463050338	2.560000
0.5480411911	-0.8518700763	2.570000
0.5395224904	-0.8573504882	2.580000
0.5309489855	-0.8627457131	2.590000
0.5223215284	-0.8680552029	2.600000
0.5136409763	-0.8732784182	2.610000
0.5049081921	-0.8784148280	2.620000
0.4961240439	-0.8834639099	2.630000
0.4872894048	-0.8884251503	2.640000
0.4784051533	-0.8932980444	2.650000
0.4694721728	-0.8980820959	2.660000
0.4604913519	-0.9027768176	2.670000
0.4514635837	-0.9073817312	2.680000
0.4423897664	-0.9118963670	2.690000
0.4332708027	-0.9163202647	2.700000
0.4241076001	-0.9206529727	2.710000
0.4149010703	-0.9248940487	2.720000
0.4056521298	-0.9290430594	2.730000
0.3963616992	-0.9330995807	2.740000
0.3870307034	-0.9370631977	2.750000
0.3776600715	-0.9409335047	2.760000
0.3682507364	-0.9447101054	2.770000
0.3588036354	-0.9483926128	2.780000
0.3493197092	-0.9519806492	2.790000
0.3397999027	-0.9554738462	2.800000
0.3302451643	-0.9588718453	2.810000
0.3206564458	-0.9621742969	2.820000
0.3110347029	-0.9653808614	2.830000
0.3013808942	-0.9684912084	2.840000
0.2916959822	-0.9715050173	2.850000
0.2819809320	-0.9744219772	2.860000
0.2722367122	-0.9772417865	2.870000
0.2624642944	-0.9799641536	2.880000
0.2526646528	-0.9825887966	2.890000
0.2428387648	-0.9851154431	2.900000
0.2329876104	-0.9875438307	2.910000
0.2231121721	-0.9898737068	2.920000
0.2132134350	-0.9921048286	2.930000
0.2032923868	-0.9942369629	2.940000
0.1933500171	-0.9962698868	2.950000
0.1833873183	-0.9982033869	2.960000
0.1734052844	-1.0000372601	2.970000
0.1634049118	-1.0017713130	2.980000
0.1533871987	-1.0034053621	2.990000
0.1433531450	-1.0049392341	3.000000
0.1333037527	-1.0063727655	3.010000
0.1232400250	-1.0077058031	3.020000
0.1131629670	-1.0089382033	3.030000
0.1030735850	-1.0100698330	3.040000
0.0929728866	-1.0111005688	3.050000
0.0828618810	-1.0120302977	3.060000
0.0727415780	-1.0128589165	3.070000
0.0626129888	-1.0135863323	3.080000
0.0524771255	-1.0142124622	3.090000
0.0423350009	-1.0147372334	3.100000
0.0321876285	-1.0151605834	3.110000
0.0220360227	-1.0154824597	3.120000
0.0118811981	-1.0157028199	3.130000
0.0017241699	-1.0158216319	3.140000
-0.0084340464	-1.0158388736	3.150000
-0.0185924351	-1.0157545332	3.160000
-0.0287499805	-1.0155686088	3.170000
-0.0389056666	-1.0152811090	3.180000
-0.0490584777	-1.0148920523	3.190000
-0.0592073982	-1.0144014676	3.200000
-0.0693514129	-1.0138093936	3.210000
-0.0794895068	-1.0131158795	3.220000
-0.0896206656	-1.0123209844	3.230000
-0.0997438754	-1.0114247777	3.240000
-0.1098581232	-1.0104273390	3.250000
-0.1199623966	-1.0093287577	3.260000
-0.1300556842	-1.0081291338	3.270000
-0.1401369755	-1.0068285769	3.280000
-0.1502052613	-1.0054272072	3.290000
-0.1602595334	-1.0039251546	3.300000
-0.1702987849	-1.0023225592	3.310000
-0.1803220105	-1.0006195714	3.320000
-0.1903282062	-0.9988163513	3.330000
-0.2003163697	-0.9969130692	3.340000
-0.2102855004	-0.9949099055	3.350000
-0.2202345995	-0.9928070505	3.360000
-0.2301626700	-0.9906047045	3.370000
-0.2400687170	-0.9883030778	3.380000
-0.2499517478	-0.9859023906	3.390000
-0.2598107717	-0.9834028732	3.400000
-0.2696448004	-0.9808047655	3.410000
-0.2794528481	-0.9781083175	3.420000
-0.2892339313	-0.9753137890	3.430000
-0.2989870691	-0.9724214497	3.440000
-0.3087112836	-0.9694315790	3.450000
-0.3184055994	-0.9663444661	3.460000
-0.3280690441	-0.9631604101	3.470000
-0.3377006482	-0.9598797197	3.480000
-0.3472994454	-0.9565027132	3.490000
-0.3568644725	-0.9530297188	3.500000
-0.3663947697	-0.9494610740	3.510000
-0.3758893805	-0.9457971263	3.520000
-0.3853473517	-0.9420382325	3.530000
-0.3947677340	-0.9381847590	3.540000
-0.4041495816	-0.9342370817	3.550000
-0.4134919525	-0.9301955859	3.560000
-0.4227939083	-0.9260606663	3.570000
-0.4320545150	-0.9218327272	3.580000
-0.4412728422	-0.9175121821	3.590000
-0.4504479641	-0.9130994537	3.600000
-0.4595789586	-0.9085949740	3.610000
-0.4686649083	-0.9039991845	3.620000
-0.4777049002	-0.8993125354	3.630000
-0.4866980255	-0.8945354864	3.640000
-0.4956433804	-0.8896685061	3.650000
-0.5045400655	-0.8847120723	3.660000
-0.5133871862	-0.8796666717	3.670000
-0.5221838529	-0.8745327998	3.680000
-0.5309291809	-0.8693109613	3.690000
-0.5396222905	-0.8640016695	3.700000
-0.5482623072	-0.8586054465	3.710000
-0.5568483617	-0.8531228235	3.720000
-0.5653795899	-0.8475543399	3.730000
-0.5738551333	-0.8419005440	3.740000
-0.5822741387	-0.8361619926	3.750000
-0.5906357587	-0.8303392512	3.760000
-0.5989391512	-0.8244328937	3.770000
-0.6071834801	-0.8184435021	3.780000
-0.6153679151	-0.8123716673	3.790000
-0.6234916318	-0.8062179882	3.800000
-0.6315538117	-0.7999830719	3.810000
-0.6395536424	-0.7936675338	3.820000
-0.6474903178	-0.7872719973	3.830000
-0.6553630377	-0.7807970941	3.840000
-0.6631710087	-0.7742434638	3.850000
-0.6709134433	-0.7676117537	3.860000
-0.6785895608	-0.7609026193	3.870000
-0.6861985870	-0.7541167236	3.880000
-0.6937397543	-0.7472547378	3.890000
-0.7012123017	-0.7403173402	3.900000
-0.7086154751	-0.7333052172	3.910000
-0.7159485272	-0.7262190625	3.920000
-0.7232107179	-0.7190595772	3.930000
-0.7304013136	-0.7118274700	3.940000
-0.7375195883	-0.7045234569	3.950000
-0.7445648229	-0.6971482610	3.960000
-0.7515363055	-0.6897026128	3.970000
-0.7584333316	-0.6821872497	3.980000
-0.7652552041	-0.6746029164	3.990000
-0.7720012333	-0.6669503644	4.000000
-0.7786707369	-0.6592303520	4.010000
-0.7852630405	-0.6514436446	4.020000
-0.7917774769	-0.6435910142	4.030000
-0.7982133870	-0.6356732395	4.040000
-0.8045701194	-0.6276911056	4.050000
-0.8108470305	-0.6196454044	4.060000
-0.8170434845	-0.6115369341	4.070000
-0.8231588539	-0.6033664993	4.080000
-0.8291925189	-0.5951349107	4.090000
-0.8351438680	-0.5868429855	4.100000
-0.8410122978	-0.5784915469	4.110000
-0.8467972133	-0.5700814239	4.120000
-0.8524980275	-0.5616134517	4.130000
-0.8581141621	-0.5530884715	4.140000
-0.8636450468	-0.5445073298	4.150000
-0.8690901201	-0.5358708794	4.160000
-0.8744488289	-0.5271799782	4.170000
-0.8797206286	-0.5184354899	4.180000
-0.8849049835	-0.5096382836	4.190000
-0.8900013664	-0.5007892338	4.200000
-0.8950092587	-0.4918892201	4.210000
-0.8999281509	-0.4829391275	4.220000
-0.9047575422	-0.4739398460	4.230000
-0.9094969407	-0.4648922706	4.240000
-0.9141458634	-0.4557973012	4.250000
-0.9187038364	-0.4466558425	4.260000
-0.9231703948	-0.4374688042	4.270000
-0.9275450828	-0.4282371002	4.280000
-0.9318274538	-0.4189616494	4.290000
-0.9360170703	-0.4096433749	4.300000
-0.9401135041	-0.4002832042	4.310000
-0.9441163361	-0.3908820691	4.320000
-0.9480251568	-0.3814409058	4.330000
-0.9518395659	-0.3719606542	4.340000
-0.9555591724	-0.3624422585	4.350000
-0.9591835950	-0.3528866668	4.360000
-0.9627124617	-0.3432948309	4.370000
-0.9661454100	-0.3336677062	4.380000
-0.9694820870	-0.3240062521	4.390000
-0.9727221496	-0.3143114313	4.400000
-0.9758652639	-0.3045842098	4.410000
-0.9789111060	-0.2948255571	4.420000
-0.9818593615	-0.2850364461	4.430000
-0.9847097260	-0.2752178525	4.440000
-0.9874619045	-0.2653707552	4.450000
-0.9901156121	-0.2554961362	4.460000
-0.9926705734	-0.2455949800	4.470000
-0.9951265232	-0.2356682743	4.480000
-0.9974832060	-0.2257170091	4.490000
-0.9997403761	-0.2157421770	4.500000
-1.0018977979	-0.2057447732	4.510000
-1.0039552456	-0.1957257953	4.520000
-1.0059125035	-0.1856862428	4.530000
-1.0077693660	-0.1756271178	4.540000
-1.0095256371	-0.1655494241	4.550000
-1.0111811314	-0.1554541677	4.560000
-1.0127356731	-0.1453423564	4.570000
-1.0141890966	-0.1352149997	4.580000
-1.0155412466	-0.1250731087	4.590000
-1.0167919777	-0.1149176963	4.600000
-1.0179411547	-0.1047497765	4.610000
-1.0189886524	-0.0945703649	4.620000
-1.0199343561	-0.0843804784	4.630000
-1.0207781609	-0.0741811349	4.640000
-1.0215199722	-0.0639733533	4.650000
-1.0221597058	-0.0537581535	4.660000
-1.0226972873	-0.0435365565	4.670000
-1.0231326529	-0.0333095836	4.680000
-1.0234657487	-0.0230782571	4.690000
-1.0236965313	-0.0128435996	4.700000
-1.0238249673	-0.0026066343	4.710000
-1.0238510336	0.0076316154	4.720000
-1.0237747174	0.0178701257	4.730000
-1.0235960162	0.0281078729	4.740000
-1.0233149375	0.0383438331	4.750000
-1.0229314991	0.0485769824	4.760000
-1.0224457293	0.0588062974	4.770000
-1.0218576663	0.0690307547	4.780000
-1.0211673588	0.0792493314	4.790000
-1.0203748655	0.0894610050	4.800000
-1.0194802554	0.0996647536	4.810000
-1.0184836079	0.1098595562	4.820000
-1.0173850123	0.1200443923	4.830000
-1.0161845684	0.1302182424	4.840000
-1.0148823860	0.1403800881	4.850000
-1.0134785851	0.1505289119	4.860000
-1.0119732960	0.1606636978	4.870000
-1.0103666590	0.1707834307	4.880000
-1.0086588247	0.1808870973	4.890000
-1.0068499537	0.1909736856	4.900000
-1.0049402169	0.2010421851	4.910000
-1.0029297950	0.2110915873	4.920000
-1.0008188791	0.2211208852	4.930000
-0.9986076703	0.2311290740	4.940000
-0.9962963795	0.2411151507	4.950000
-0.9938852280	0.2510781145	4.960000
-0.9913744469	0.2610169668	4.970000
-0.9887642772	0.2709307113	4.980000
-0.9860549701	0.2808183541	4.990000
-0.9832467866	0.2906789038	5.000000
-0.9803399975	0.3005113716	5.010000
-0.9773348838	0.3103147716	5.020000
-0.9742317361	0.3200881204	5.030000
-0.9710308549	0.3298304378	5.040000
-0.9677325505	0.3395407463	5.050000
-0.9643371430	0.3492180718	5.060000
-0.9608449623	0.3588614433	5.070000
-0.9572563479	0.3684698929	5.080000
-0.9535716490	0.3780424564	5.090000
-0.9497912244	0.3875781729	5.100000
-0.9459154427	0.3970760851	5.110000
-0.9419446818	0.4065352395	5.120000
-0.9378793294	0.4159546864	5.130000
-0.9337197826	0.4253334797	5.140000
-0.9294664478	0.4346706775	5.150000
-0.9251197410	0.4439653420	5.160000
-0.9206800876	0.4532165394	5.170000
-0.9161479222	0.4624233402	5.180000
-0.9115236888	0.4715848195	5.190000
-0.9068078406	0.4807000564	5.200000
-0.9020008400	0.4897681348	5.210000
-0.8971031587	0.4987881432	5.220000
-0.8921152772	0.5077591747	5.230000
-0.8870376855	0.5166803275	5.240000
-0.8818708822	0.5255507044	5.250000
-0.8766153752	0.5343694132	5.260000
-0.8712716810	0.5431355669	5.270000
-0.8658403254	0.5518482838	5.280000
-0.8603218425	0.5605066870	5.290000
-0.8547167757	0.5691099054	5.300000
-0.8490256766	0.5776570732	5.310000
-0.8432491059	0.5861473300	5.320000
-0.8373876326	0.5945798210	5.330000
-0.8314418344	0.6029536973	5.340000
-0.8254122974	0.6112681157	5.350000
-0.8192996162	0.6195222387	5.360000
-0.8131043939	0.6277152348	5.370000
-0.8068272415	0.6358462788	5.380000
-0.8004687787	0.6439145512	5.390000
-0.7940296332	0.6519192390	5.400000
-0.7875104408	0.6598595353	5.410000
-0.7809118455	0.6677346397	5.420000
-0.7742344991	0.6755437582	5.430000
-0.7674790615	0.6832861031	5.440000
-0.7606462005	0.6909608938	5.450000
-0.7537365915	0.6985673558	5.460000
-0.7467509180	0.7061047217	5.470000
-0.7396898707	0.7135722309	5.480000
-0.7325541484	0.7209691296	5.490000
-0.7253444571	0.7282946711	5.500000
-0.7180615104	0.7355481156	5.510000
-0.7107060293	0.7427287307	5.520000
-0.7032787420	0.7498357910	5.530000
-0.6957803841	0.7568685784	5.540000
-0.6882116983	0.7638263823	5.550000
-0.6805734344	0.7707084993	5.560000
-0.6728663495	0.7775142336	5.570000
-0.6650912071	0.7842428971	5.580000
-0.6572487781	0.7908938092	5.590000
-0.6493398401	0.7974662970	5.600000
-0.6413651771	0.8039596954	5.610000
-0.6333255801	0.8103733471	5.620000
-0.6252218467	0.8167066029	5.630000
-0.6170547806	0.8229588214	5.640000
-0.6088251924	0.8291293692	5.650000
-0.6005338987	0.8352176211	5.660000
-0.5921817225	0.8412229601	5.670000
-0.5837694929	0.8471447773	5.680000
-0.5752980451	0.8529824723	5.690000
-0.5667682204	0.8587354527	5.700000
-0.5581808659	0.8644031349	5.710000
-0.5495368345	0.8699849436	5.720000
-0.5408369851	0.8754803119	5.730000
-0.5320821820	0.8808886818	5.740000
-0.5232732952	0.8862095036	5.750000
-0.5144112001	0.8914422366	5.760000
-0.5054967778	0.8965863486	5.770000
-0.4965309143	0.9016413163	5.780000
-0.4875145011	0.9066066255	5.790000
-0.4784484349	0.9114817705	5.800000
-0.4693336172	0.9162662548	5.810000
-0.4601709546	0.9209595910	5.820000
-0.4509613587	0.9255613005	5.830000
-0.4417057457	0.9300709141	5.840000
-0.4324050366	0.9344879716	5.850000
-0.4230601568	0.9388120220	5.860000
-0.4136720366	0.9430426235	5.870000
-0.4042416104	0.9471793439	5.880000
-0.3947698169	0.9512217600	5.890000
-0.3852575993	0.9551694582	5.900000
-0.3757059048	0.9590220342	5.910000
-0.3661156844	0.9627790932	5.920000
-0.3564878935	0.9664402501	5.930000
-0.3468234910	0.9700051290	5.940000
-0.3371234397	0.9734733639	5.950000
-0.3273887061	0.9768445983	5.960000
-0.3176202601	0.9801184854	5.970000
-0.3078190752	0.9832946880	5.980000
-0.2979861283	0.9863728787	5.990000
-0.2881223996	0.9893527400	6.000000
-0.2782288722	0.9922339640	6.010000
-0.2683065325	0.9950162527	6.020000
-0.2583563700	0.9976993180	6.030000
-0.2483793768	1.0002828817	6.040000
-0.2383765480	1.0027666755	6.050000
-0.2283488812	1.0051504410	6.060000
-0.2182973768	1.0074339298	6.070000
-0.2082230375	1.0096169036	6.080000
-0.1981268685	1.0116991339	6.090000
-0.1880098772	1.0136804026	6.100000
-0.1778730731	1.0155605014	6.110000
-0.1677174681	1.0173392321	6.120000
-0.1575440758	1.0190164068	6.130000
-0.1473539117	1.0205918476	6.140000
-0.1371479932	1.0220653867	6.150000
-0.1269273394	1.0234368666	6.160000
-0.1166929707	1.0247061400	6.170000
-0.1064459093	1.0258730697	6.180000
-0.0961871786	1.0269375288	6.190000
-0.0859178033	1.0278994006	6.200000
-0.0756388093	1.0287585786	6.210000
-0.0653512235	1.0295149667	6.220000
-0.0550560739	1.0301684790	6.230000
-0.0447543891	1.0307190397	6.240000
-0.0344471987	1.0311665836	6.250000
-0.0241355328	1.0315110556	6.260000
-0.0138204223	1.0317524109	6.270000
-0.0035028982	1.0318906151	6.280000
0.0068160080	1.0319256441	6.290000
0.0171352644	1.0318574840	6.300000
0.0274538392	1.0316861314	6.310000
0.0377707006	1.0314115930	6.320000
0.0480848165	1.0310338860	6.330000
0.0583951554	1.0305530378	6.340000
0.0687006857	1.0299690863	6.350000
0.0790003766	1.0292820794	6.360000
0.0892931974	1.0284920756	6.370000
0.0995781181	1.0275991437	6.380000
0.1098541096	1.0266033625	6.390000
0.1201201432	1.0255048214	6.400000
0.1303751914	1.0243036200	6.410000
0.1406182276	1.0229998680	6.420000
0.1508482263	1.0215936858	6.430000
0.1610641632	1.0200852035	6.440000
0.1712650152	1.0184745619	6.450000
0.1814497608	1.0167619117	6.460000
0.1916173799	1.0149474141	6.470000
0.2017668541	1.0130312403	6.480000
0.2118971665	1.0110135718	6.490000
0.2220073022	1.0088946001	6.500000
0.2320962482	1.0066745271	6.510000
0.2421629935	1.0043535646	6.520000
0.2522065291	1.0019319347	6.530000
0.2622258485	0.9994098694	6.540000
0.2722199471	0.9967876109	6.550000
0.2821878233	0.9940654114	6.560000
0.2921284774	0.9912435332	6.570000
0.3020409127	0.9883222484	6.580000
0.3119241352	0.9853018393	6.590000
0.3217771536	0.9821825979	6.600000
0.3315989796	0.9789648264	6.610000
0.3413886278	0.9756488366	6.620000
0.3511451162	0.9722349503	6.630000
0.3608674657	0.9687234992	6.640000
0.3705547007	0.9651148245	6.650000
0.3802058489	0.9614092775	6.660000
0.3898199417	0.9576072190	6.670000
0.3993960139	0.9537090196	6.680000
0.4089331041	0.9497150595	6.690000
0.4184302547	0.9456257284	6.700000
0.4278865120	0.9414414259	6.710000
0.4373009262	0.9371625607	6.720000
0.4466725518	0.9327895515	6.730000
0.4560004474	0.9283228260	6.740000
0.4652836756	0.9237628215	6.750000
0.4745213038	0.9191099847	6.760000
0.4837124037	0.9143647717	6.770000
0.4928560514	0.9095276477	6.780000
0.5019513279	0.9045990872	6.790000
0.5109973187	0.8995795739	6.800000
0.5199931145	0.8944696007	6.810000
0.5289378105	0.8892696695	6.820000
0.5378305072	0.8839802914	6.830000
0.5466703101	0.8786019864	6.840000
0.5554563300	0.8731352833	6.850000
0.5641876828	0.8675807200	6.860000
0.5728634900	0.8619388431	6.870000
0.5814828784	0.8562102082	6.880000
0.5900449805	0.8503953795	6.890000
0.5985489343	0.8444949296	6.900000
0.6069938836	0.8385094403	6.910000
0.6153789780	0.8324395015	6.920000
0.6237033730	0.8262857117	6.930000
0.6319662301	0.8200486780	6.940000
0.6401667169	0.8137290157	6.950000
0.6483040071	0.8073273485	6.960000
0.6563772806	0.8008443084	6.970000
0.6643857236	0.7942805356	6.980000
0.6723285290	0.7876366784	6.990000
0.6802048958	0.7809133931	7.000000
0.6880140297	0.7741113441	7.010000
0.6957551431	0.7672312038	7.020000
0.7034274552	0.7602736524	7.030000
0.7110301917	0.7532393778	7.040000
0.7185625855	0.7461290759	7.050000
0.7260238762	0.7389434501	7.060000
0.7334133107	0.7316832113	7.070000
0.7407301429	0.7243490782	7.080000
0.7479736336	0.7169417768	7.090000
0.7551430514	0.7094620404	7.100000
0.7622376718	0.7019106099	7.110000
0.7692567779	0.6942882332	7.120000
0.7761996602	0.6865956654	7.130000
0.7830656169	0.6788336688	7.140000
0.7898539536	0.6710030127	7.150000
0.7965639837	0.6631044731	7.160000
0.8031950284	0.6551388333	7.170000
0.8097464168	0.6471068830	7.180000
0.8162174856	0.6390094188	7.190000
0.8226075798	0.6308472440	7.200000
0.8289160522	0.6226211682	7.210000
0.8351422639	0.6143320077	7.220000
0.8412855840	0.6059805850	7.230000
0.8473453898	0.5975677292	7.240000
0.8533210671	0.5890942753	7.250000
0.8592120099	0.5805610646	7.260000
0.8650176205	0.5719689445	7.270000
0.8707373100	0.5633187683	7.280000
0.8763704977	0.5546113952	7.290000
0.8819166116	0.5458476902	7.300000
0.8873750885	0.5370285241	7.310000
0.8927453738	0.5281547732	7.320000
0.8980269215	0.5192273195	7.330000
0.9032191947	0.5102470503	7.340000
0.9083216652	0.5012148583	7.350000
0.9133338138	0.4921316417	7.360000
0.9182551302	0.4829983035	7.370000
0.9230851132	0.4738157522	7.380000
0.9278232707	0.4645849011	7.390000
0.9324691198	0.4553066684	7.400000
0.9370221864	0.4459819772	7.410000
0.9414820062	0.4366117553	7.420000
0.9458481238	0.4271969353	7.430000
0.9501200931	0.4177384540	7.440000
0.9542974777	0.4082372531	7.450000
0.9583798502	0.3986942783	7.460000
0.9623667930	0.3891104798	7.470000
0.9662578978	0.3794868119	7.480000
0.9700527659	0.3698242329	7.490000
0.9737510082	0.3601237053	7.500000
0.9773522453	0.3503861952	7.510000
0.9808561072	0.3406126727	7.520000
0.9842622340	0.3308041116	7.530000
0.9875702751	0.3209614893	7.540000
0.9907798900	0.3110857866	7.550000
0.9938907478	0.3011779877	7.560000
0.9969025277	0.2912390802	7.570000
0.9998149185	0.2812700549	7.580000
1.0026276191	0.2712719057	7.590000
1.0053403381	0.2612456295	7.600000
1.0079527944	0.2511922261	7.610000
1.0104647167	0.2411126982	7.620000
1.0128758437	0.2310080510	7.630000
1.0151859242	0.2208792926	7.640000
1.0173947171	0.2107274334	7.650000
1.0195019914	0.2005534862	7.660000
1.0215075263	0.1903584663	7.670000
1.0234111109	0.1801433910	7.680000
1.0252125449	0.1699092799	7.690000
1.0269116377	0.1596571545	7.700000
1.0285082092	0.1493880381	7.710000
1.0300020896	0.1391029560	7.720000
1.0313931191	0.1288029351	7.730000
1.0326811485	0.1184890039	7.740000
1.0338660385	0.1081621924	7.750000
1.0349476605	0.0978235320	7.760000
1.0359258958	0.0874740554	7.770000
1.0368006363	0.0771147965	7.780000
1.0375717843	0.0667467901	7.790000
1.0382392522	0.0563710723	7.800000
1.0388029629	0.0459886797	7.810000
1.0392628497	0.0356006501	7.820000
1.0396188562	0.0252080216	7.830000
1.0398709364	0.0148118330	7.840000
1.0400190548	0.0044131237	7.850000
1.0400631860	-0.0059870669	7.860000
1.0400033153	-0.0163876987	7.870000
1.0398394383	-0.0267877319	7.880000
1.0395715610	-0.0371861263	7.890000
1.0391996998	-0.0475818419	7.900000
1.0387238813	-0.0579738389	7.910000
1.0381441430	-0.0683610777	7.920000
1.0374605322	-0.0787425191	7.930000
1.0366731070	-0.0891171244	7.940000
1.0357819357	-0.0994838555	7.950000
1.0347870972	-0.1098416749	7.960000
1.0336886804	-0.1201895458	7.970000
1.0324867850	-0.1305264326	7.980000
1.0311815207	-0.1408513005	7.990000
1.0297730076	-0.1511631157	8.000000
1.0282613765	-0.1614608458	8.010000
1.0266467680	-0.1717434595	8.020000
1.0249293334	-0.1820099272	8.030000
1.0231092342	-0.1922592206	8.040000
1.0211866420	-0.2024903129	8.050000
1.0191617388	-0.2127021793	8.060000
1.0170347170	-0.2228937967	8.070000
1.0148057791	-0.2330641439	8.080000
1.0124751376	-0.2432122017	8.090000
1.0100430156	-0.2533369530	8.100000
1.0075096461	-0.2634373832	8.110000
1.0048752723	-0.2735124797	8.120000
1.0021401475	-0.2835612324	8.130000
0.9993045351	-0.2935826339	8.140000
0.9963687088	-0.3035756792	8.150000
0.9933329520	-0.3135393663	8.160000
0.9901975583	-0.3234726958	8.170000
0.9869628314	-0.3333746714	8.180000
0.9836290847	-0.3432442997	8.190000
0.9801966417	-0.3530805906	8.200000
0.9766658358	-0.3628825570	8.210000
0.9730370102	-0.3726492153	8.220000
0.9693105180	-0.3823795854	8.230000
0.9654867222	-0.3920726906	8.240000
0.9615659953	-0.4017275578	8.250000
0.9575487197	-0.4113432178	8.260000
0.9534352875	-0.4209187050	8.270000
0.9492261005	-0.4304530579	8.280000
0.9449215699	-0.4399453189	8.290000
0.9405221167	-0.4493945346	8.300000
0.9360281714	-0.4587997557	8.310000
0.9314401738	-0.4681600374	8.320000
0.9267585734	-0.4774744392	8.330000
0.9219838290	-0.4867420249	8.340000
0.9171164088	-0.4959618632	8.350000
0.9121567902	-0.5051330273	8.360000
0.9071054599	-0.5142545952	8.370000
0.9019629139	-0.5233256498	8.380000
0.8967296574	-0.5323452789	8.390000
0.8914062046	-0.5413125755	8.400000
0.8859930789	-0.5502266376	8.410000
0.8804908125	-0.5590865683	8.420000
0.8748999468	-0.5678914765	8.430000
0.8692210321	-0.5766404759	8.440000
0.8634546273	-0.5853326863	8.450000
0.8576013004	-0.5939672325	8.460000
0.8516616281	-0.6025432455	8.470000
0.8456361957	-0.6110598618	8.480000
0.8395255970	-0.6195162238	8.490000
0.8333304348	-0.6279114797	8.500000
0.8270513200	-0.6362447841	8.510000
0.8206888722	-0.6445152973	8.520000
0.8142437192	-0.6527221860	8.530000
0.8077164973	-0.6608646232	8.540000
0.8011078511	-0.6689417882	8.550000
0.7944184332	-0.6769528667	8.560000
0.7876489046	-0.6848970510	8.570000
0.7807999340	-0.6927735401	8.580000
0.7738721986	-0.7005815394	8.590000
0.7668663833	-0.7083202614	8.600000
0.7597831806	-0.7159889252	8.610000
0.7526232914	-0.7235867570	8.620000
0.7453874238	-0.7311129899	8.630000
0.7380762939	-0.7385668642	8.640000
0.7306906253	-0.7459476271	8.650000
0.7232311490	-0.7532545334	8.660000
0.7156986037	-0.7604868449	8.670000
0.7080937352	-0.7676438309	8.680000
0.7004172969	-0.7747247683	8.690000
0.6926700492	-0.7817289412	8.700000
0.6848527598	-0.7886556417	8.710000
0.6769662034	-0.7955041693	8.720000
0.6690111617	-0.8022738313	8.730000
0.6609884234	-0.8089639430	8.740000
0.6528987840	-0.8155738272	8.750000
0.6447430457	-0.8221028150	8.760000
0.6365220175	-0.8285502455	8.770000
0.6282365151	-0.8349154657	8.780000
0.6198873604	-0.8411978308	8.790000
0.6114753821	-0.8473967044	8.800000
0.6030014151	-0.8535114582	8.810000
0.5944663005	-0.8595414724	8.820000
0.5858708858	-0.8654861354	8.830000
0.5772160244	-0.8713448443	8.840000
0.5685025760	-0.8771170045	8.850000
0.5597314059	-0.8828020303	8.860000
0.5509033856	-0.8883993443	8.870000
0.5420193922	-0.8939083782	8.880000
0.5330803084	-0.8993285721	8.890000
0.5240870227	-0.9046593752	8.900000
0.5150404289	-0.9099002454	8.910000
0.5059414265	-0.9150506497	8.920000
0.4967909200	-0.9201100640	8.930000
0.4875898193	-0.9250779732	8.940000
0.4783390396	-0.9299538714	8.950000
0.4690395009	-0.9347372618	8.960000
0.4596921283	-0.9394276568	8.970000
0.4502978517	-0.9440245780	8.980000
0.4408576059	-0.9485275566	8.990000
0.4313723304	-0.9529361326	9.000000
0.4218429690	-0.9572498559	9.010000
0.4122704705	-0.9614682856	9.020000
0.4026557876	-0.9655909903	9.030000
0.3929998777	-0.9696175482	9.040000
0.3833037022	-0.9735475470	9.050000
0.3735682268	-0.9773805840	9.060000
0.3637944209	-0.9811162663	9.070000
0.3539832583	-0.9847542105	9.080000
0.3441357162	-0.9882940431	9.090000
0.3342527757	-0.9917354002	9.100000
0.3243354217	-0.9950779280	9.110000
0.3143846424	-0.9983212822	9.120000
0.3044014296	-1.0014651286	9.130000
0.2943867783	-1.0045091429	9.140000
0.2843416869	-1.0074530107	9.150000
0.2742671568	-1.0102964276	9.160000
0.2641641925	-1.0130390991	9.170000
0.2540338015	-1.0156807411	9.180000
0.2438769941	-1.0182210791	9.190000
0.2336947833	-1.0206598490	9.200000
0.2234881848	-1.0229967969	9.210000
0.2132582169	-1.0252316787	9.220000
0.2030059001	-1.0273642609	9.230000
0.1927322575	-1.0293943199	9.240000
0.1824383143	-1.0313216424	9.250000
0.1721250979	-1.0331460256	9.260000
0.1617936376	-1.0348672766	9.270000
0.1514449648	-1.0364852129	9.280000
0.1410801127	-1.0379996626	9.290000
0.1307001161	-1.0394104637	9.300000
0.1203060114	-1.0407174649	9.310000
0.1098988368	-1.0419205250	9.320000
0.0994796315	-1.0430195134	9.330000
0.0890494364	-1.0440143097	9.340000
0.0786092933	-1.0449048040	9.350000
0.0681602453	-1.0456908970	9.360000
0.0577033363	-1.0463724994	9.370000
0.0472396113	-1.0469495328	9.380000
0.0367701160	-1.0474219289	9.390000
0.0262958967	-1.0477896301	9.400000
0.0158180004	-1.0480525890	9.410000
0.0053374745	-1.0482107690	9.420000
-0.0051446332	-1.0482641438	9.430000
-0.0156272746	-1.0482126974	9.440000
-0.0261094016	-1.0480564247	9.450000
-0.0365899659	-1.0477953307	9.460000
-0.0470679192	-1.0474294310	9.470000
-0.0575422135	-1.0469587518	9.480000
-0.0680118010	-1.0463833297	9.490000
-0.0784756343	-1.0457032117	9.500000
-0.0889326664	-1.0449184553	9.510000
-0.0993818510	-1.0440291287	9.520000
-0.1098221422	-1.0430353102	9.530000
-0.1202524953	-1.0419370887	9.540000
-0.1306718662	-1.0407345638	9.550000
-0.1410792119	-1.0394278451	9.560000
-0.1514734903	-1.0380170530	9.570000
-0.1618536609	-1.0365023181	9.580000
-0.1722186840	-1.0348837815	9.590000
-0.1825675218	-1.0331615947	9.600000
-0.1928991378	-1.0313359194	9.610000
-0.2032124970	-1.0294069281	9.620000
-0.2135065663	-1.0273748031	9.630000
-0.2237803143	-1.0252397374	9.640000
-0.2340327117	-1.0230019343	9.650000
-0.2442627310	-1.0206616072	9.660000
-0.2544693471	-1.0182189799	9.670000
-0.2646515369	-1.0156742864	9.680000
-0.2748082798	-1.0130277710	9.690000
-0.2849385575	-1.0102796882	9.700000
-0.2950413543	-1.0074303027	9.710000
-0.3051156574	-1.0044798891	9.720000
-0.3151604563	-1.0014287325	9.730000
-0.3251747436	-0.9982771280	9.740000
-0.3351575149	-0.9950253805	9.750000
-0.3451077687	-0.9916738054	9.760000
-0.3550245067	-0.9882227277	9.770000
-0.3649067340	-0.9846724826	9.780000
-0.3747534588	-0.9810234153	9.790000
-0.3845636930	-0.9772758807	9.800000
-0.3943364518	-0.9734302438	9.810000
-0.4040707542	-0.9694868793	9.820000
-0.4137656230	-0.9654461717	9.830000
-0.4234200847	-0.9613085155	9.840000
-0.4330331699	-0.9570743146	9.850000
-0.4426039130	-0.9527439829	9.860000
-0.4521313529	-0.9483179438	9.870000
-0.4616145323	-0.9437966303	9.880000
-0.4710524986	-0.9391804850	9.890000
-0.4804443035	-0.9344699600	9.900000
-0.4897890031	-0.9296655169	9.910000
-0.4990856582	-0.9247676269	9.920000
-0.5083333345	-0.9197767703	9.930000
-0.5175311022	-0.9146934370	9.940000
-0.5266780366	-0.9095181260	9.950000
-0.5357732178	-0.9042513456	9.960000
-0.5448157313	-0.8988936134	9.970000
-0.5538046674	-0.8934454561	9.980000
-0.5627391220	-0.8879074094	9.990000
-0.5716181961	-0.8822800182	10.000000
-0.5804409963	-0.8765638362	10.010000
-0.5892066346	-0.8707594263	10.020000
-0.5979142289	-0.8648673599	10.030000
-0.6065629025	-0.8588882176	10.040000
-0.6151517847	-0.8528225886	10.050000
-0.6236800105	-0.8466710708	10.060000
-0.6321467212	-0.8404342707	10.070000
-0.6405510640	-0.8341128035	10.080000
-0.6488921920	-0.8277072928	10.090000
-0.6571692649	-0.8212183709	10.100000
-0.6653814486	-0.8146466782	10.110000
-0.6735279154	-0.8079928638	10.120000
-0.6816078440	-0.8012575846	10.130000
-0.6896204199	-0.7944415062	10.140000
-0.6975648350	-0.7875453020	10.150000
-0.7054402880	-0.7805696536	10.160000
-0.7132459845	-0.7735152507	10.170000
-0.7209811370	-0.7663827909	10.180000
-0.7286449649	-0.7591729795	10.190000
-0.7362366947	-0.7518865299	10.200000
-0.7437555600	-0.7445241629	10.210000
-0.7512008017	-0.7370866073	10.220000
-0.7585716677	-0.7295745993	10.230000
-0.7658674137	-0.7219888826	10.240000
-0.7730873025	-0.7143302085	10.250000
-0.7802306046	-0.7065993355	10.260000
-0.7872965980	-0.6987970294	10.270000
-0.7942845683	-0.6909240634	10.280000
-0.8011938089	-0.6829812178	10.290000
-0.8080236211	-0.6749692797	10.300000
-0.8147733139	-0.6668890435	10.310000
-0.8214422043	-0.6587413103	10.320000
-0.8280296174	-0.6505268883	10.330000
-0.8345348863	-0.6422465921	10.340000
-0.8409573522	-0.6339012432	10.350000
-0.8472963647	-0.6254916697	10.360000
-0.8535512814	-0.6170187061	10.370000
-0.8597214684	-0.6084831933	10.380000
-0.8658063004	-0.5998859786	10.390000
-0.8718051601	-0.5912279156	10.400000
-0.8777174393	-0.5825098640	10.410000
-0.8835425379	-0.5737326896	10.420000
-0.8892798648	-0.5648972642	10.430000
-0.8949288375	-0.5560044655	10.440000
-0.9004888821	-0.5470551772	10.450000
-0.9059594339	-0.5380502884	10.460000
-0.9113399368	-0.5289906940	10.470000
-0.9166298437	-0.5198772946	10.480000
-0.9218286167	-0.5107109962	10.490000
-0.9269357266	-0.5014927100	10.500000
-0.9319506537	-0.4922233528	10.510000
-0.9368728873	-0.4829038462	10.520000
-0.9417019257	-0.4735351174	10.530000
-0.9464372769	-0.4641180981	10.540000
-0.9510784579	-0.4546537253	10.550000
-0.9556249951	-0.4451429408	10.560000
-0.9600764245	-0.4355866908	10.570000
-0.9644322914	-0.4259859266	10.580000
-0.9686921507	-0.4163416037	10.590000
-0.9728555667	-0.4066546821	10.600000
-0.9769221136	-0.3969261265	10.610000
-0.9808913748	-0.3871569053	10.620000
-0.9847629439	-0.3773479916	10.630000
-0.9885364238	-0.3675003622	10.640000
-0.9922114274	-0.3576149979	10.650000
-0.9957875774	-0.3476928836	10.660000
-0.9992645062	-0.3377350079	10.670000
-1.0026418563	-0.3277423628	10.680000
-1.0059192799	-0.3177159442	10.690000
-1.0090964394	-0.3076567514	10.700000
-1.0121730069	-0.2975657870	10.710000
-1.0151486648	-0.2874440570	10.720000
-1.0180231053	-0.2772925703	10.730000
-1.0207960310	-0.2671123393	10.740000
-1.0234671544	-0.2569043790	10.750000
-1.0260361982	-0.2466697074	10.760000
-1.0285028953	-0.2364093454	10.770000
-1.0308669888	-0.2261243165	10.780000
-1.0331282319	-0.2158156466	10.790000
-1.0352863884	-0.2054843643	10.800000
-1.0373412320	-0.1951315004	10.810000
-1.0392925470	-0.1847580881	10.820000
-1.0411401279	-0.1743651626	10.830000
-1.0428837795	-0.1639537613	10.840000
-1.0445233172	-0.1535249235	10.850000
-1.0460585664	-0.1430796904	10.860000
-1.0474893633	-0.1326191047	10.870000
-1.0488155543	-0.1221442111	10.880000
-1.0500369965	-0.1116560555	10.890000
-1.0511535570	-0.1011556856	10.900000
-1.0521651139	-0.0906441500	10.910000
-1.0530715554	-0.0801224988	10.920000
-1.0538727804	-0.0695917833	10.930000
-1.0545686982	-0.0590530555	10.940000
-1.0551592287	-0.0485073685	10.950000
-1.0556443024	-0.0379557762	10.960000
-1.0560238602	-0.0273993332	10.970000
-1.0562978535	-0.0168390946	10.980000
-1.0564662445	-0.0062761161	10.990000
-1.0565290056	0.0042885464	11.000000
-1.0564861202	0.0148538364	11.010000
-1.0563375818	0.0254186976	11.020000
-1.0560833948	0.0359820735	11.030000
-1.0557235741	0.0465429074	11.040000
-1.0552581450	0.0571001431	11.050000
-1.0546871436	0.0676527246	11.060000
-1.0540106163	0.0781995960	11.070000
-1.0532286204	0.0887397022	11.080000
-1.0523412234	0.0992719884	11.090000
-1.0513485035	0.1097954006	11.100000
-1.0502505495	0.1203088857	11.110000
-1.0490474606	0.1308113912	11.120000
-1.0477393467	0.1413018658	11.130000
-1.0463263280	0.1517792592	11.140000
-1.0448085354	0.1622425225	11.150000
-1.0431861102	0.1726906079	11.160000
-1.0414592041	0.1831224690	11.170000
-1.0396279794	0.1935370610	11.180000
-1.0376926088	0.2039333408	11.190000
-1.0356532754	0.2143102669	11.200000
-1.0335101728	0.2246667997	11.210000
-1.0312635048	0.2350019014	11.220000
-1.0289134858	0.2453145364	11.230000
-1.0264603404	0.2556036713	11.240000
-1.0239043037	0.2658682747	11.250000
-1.0212456209	0.2761073177	11.260000
-1.0184845477	0.2863197739	11.270000
-1.0156213500	0.2965046194	11.280000
-1.0126563038	0.3066608329	11.290000
-1.0095896955	0.3167873960	11.300000
-1.0064218215	0.3268832929	11.310000
-1.0031529886	0.3369475111	11.320000
-0.9997835135	0.3469790410	11.330000
-0.9963137231	0.3569768761	11.340000
-0.9927439543	0.3669400134	11.350000
-0.9890745542	0.3768674529	11.360000
-0.9853058797	0.3867581985	11.370000
-0.9814382977	0.3966112573	11.380000
-0.9774721851	0.4064256402	11.390000
-0.9734079287	0.4162003621	11.400000
-0.9692459251	0.4259344414	11.410000
-0.9649865807	0.4356269006	11.420000
-0.9606303117	0.4452767664	11.430000
-0.9561775440	0.4548830695	11.440000
-0.9516287133	0.4644448450	11.450000
-0.9469842648	0.4739611321	11.460000
-0.9422446535	0.4834309748	11.470000
-0.9374103438	0.4928534213	11.480000
-0.9324818096	0.5022275247	11.490000
-0.9274595343	0.5115523428	11.500000
-0.9223440109	0.5208269382	11.510000
-0.9171357415	0.5300503783	11.520000
-0.9118352377	0.5392217357	11.530000
-0.9064430204	0.5483400881	11.540000
-0.9009596195	0.5574045183	11.550000
-0.8953855743	0.5664141145	11.560000
-0.8897214332	0.5753679702	11.570000
-0.8839677535	0.5842651846	11.580000
-0.8781251016	0.5931048621	11.590000
-0.8721940530	0.6018861131	11.600000
-0.8661751919	0.6106080536	11.610000
-0.8600691113	0.6192698056	11.620000
-0.8538764133	0.6278704967	11.630000
-0.8475977083	0.6364092608	11.640000
-0.8412336157	0.6448852379	11.650000
-0.8347847633	0.6532975740	11.660000
-0.8282517876	0.6616454217	11.670000
-0.8216353334	0.6699279395	11.680000
-0.8149360540	0.6781442929	11.690000
-0.8081546110	0.6862936534	11.700000
-0.8012916745	0.6943751995	11.710000
-0.7943479225	0.7023881163	11.720000
-0.7873240413	0.7103315955	11.730000
-0.7802207254	0.7182048359	11.740000
-0.7730386770	0.7260070432	11.750000
-0.7657786066	0.7337374299	11.760000
-0.7584412323	0.7413952160	11.770000
-0.7510272801	0.7489796283	11.780000
-0.7435374838	0.7564899011	11.790000
-0.7359725848	0.7639252760	11.800000
-0.7283333321	0.7712850018	11.810000
-0.7206204821	0.7785683351	11.820000
-0.7128347987	0.7857745400	11.830000
-0.7049770533	0.7929028879	11.840000
-0.6970480244	0.7999526585	11.850000
-0.6890484978	0.8069231387	11.860000
-0.6809792665	0.8138136237	11.870000
-0.6728411302	0.8206234164	11.880000
-0.6646348961	0.8273518277	11.890000
-0.6563613778	0.8339981766	11.900000
-0.6480213960	0.8405617904	11.910000
-0.6396157781	0.8470420044	11.920000
-0.6311453581	0.8534381621	11.930000
-0.6226109764	0.8597496157	11.940000
-0.6140134803	0.8659757255	11.950000
-0.6053537230	0.8721158603	11.960000
-0.5966325644	0.8781693975	11.970000
-0.5878508705	0.8841357232	11.980000
-0.5790095132	0.8900142319	11.990000
-0.5701093709	0.8958043270	12.000000
-0.5611513276	0.9015054207	12.010000
-0.5521362734	0.9071169340	12.020000
-0.5430651041	0.9126382967	12.030000
-0.5339387211	0.9180689478	12.040000
-0.5247580316	0.9234083350	12.050000
-0.5155239483	0.9286559153	12.060000
-0.5062373891	0.9338111548	12.070000
-0.4968992776	0.9388735287	12.080000
-0.4875105423	0.9438425214	12.090000
-0.4780721171	0.9487176269	12.100000
-0.4685849408	0.9534983480	12.110000
-0.4590499573	0.9581841974	12.120000
-0.4494681154	0.9627746970	12.130000
-0.4398403684	0.9672693782	12.140000
-0.4301676746	0.9716677819	12.150000
-0.4204509968	0.9759694586	12.160000
-0.4106913022	0.9801739686	12.170000
-0.4008895625	0.9842808816	12.180000
-0.3910467537	0.9882897772	12.190000
-0.3811638559	0.9922002448	12.200000
-0.3712418535	0.9960118833	12.210000
-0.3612817347	0.9997243018	12.220000
-0.3512844916	1.0033371192	12.230000
-0.3412511204	1.0068499641	12.240000
-0.3311826208	1.0102624753	12.250000
-0.3210799961	1.0135743015	12.260000
-0.3109442530	1.0167851015	12.270000
-0.3007764020	1.0198945440	12.280000
-0.2905774566	1.0229023080	12.290000
-0.2803484335	1.0258080826	12.300000
-0.2700903527	1.0286115669	12.310000
-0.2598042370	1.0313124705	12.320000
-0.2494911123	1.0339105128	12.330000
-0.2391520072	1.0364054240	12.340000
-0.2287879529	1.0387969440	12.350000
-0.2183999835	1.0410848236	12.360000
-0.2079891353	1.0432688234	12.370000
-0.1975564470	1.0453487147	12.380000
-0.1871029599	1.0473242792	12.390000
-0.1766297171	1.0491953088	12.400000
-0.1661377640	1.0509616060	12.410000
-0.1556281479	1.0526229836	12.420000
-0.1451019181	1.0541792651	12.430000
-0.1345601254	1.0556302843	12.440000
-0.1240038226	1.0569758855	12.450000
-0.1134340638	1.0582159238	12.460000
-0.1028519045	1.0593502644	12.470000
-0.0922584019	1.0603787834	12.480000
-0.0816546140	1.0613013675	12.490000
-0.0710416004	1.0621179136	12.500000
-0.0604204212	1.0628283296	12.510000
-0.0497921379	1.0634325338	12.520000
-0.0391578126	1.0639304552	12.530000
-0.0285185080	1.0643220333	12.540000
-0.0178752877	1.0646072184	12.550000
-0.0072292155	1.0647859713	12.560000
0.0034186442	1.0648582634	12.570000
0.0140672268	1.0648240770	12.580000
0.0247154676	1.0646834047	12.590000
0.0353623016	1.0644362501	12.600000
0.0460066641	1.0640826270	12.610000
0.0566474904	1.0636225604	12.620000
0.0672837160	1.0630560855	12.630000
0.0779142769	1.0623832483	12.640000
0.0885381094	1.0616041056	12.650000
0.0991541504	1.0607187245	12.660000
0.1097613377	1.0597271830	12.670000
0.1203586095	1.0586295696	12.680000
0.1309449052	1.0574259835	12.690000
0.1415191650	1.0561165344	12.700000
0.1520803304	1.0547013428	12.710000
0.1626273438	1.0531805395	12.720000
0.1731591492	1.0515542660	12.730000
0.1836746918	1.0498226746	12.740000
0.1941729186	1.0479859276	12.750000
0.2046527779	1.0460441985	12.760000
0.2151132199	1.0439976707	12.770000
0.2255531966	1.0418465385	12.780000
0.2359716619	1.0395910065	12.790000
0.2463675720	1.0372312899	12.800000
0.2567398849	1.0347676142	12.810000
0.2670875610	1.0322002153	12.820000
0.2774095632	1.0295293397	12.830000
0.2877048566	1.0267552441	12.840000
0.2979724090	1.0238781955	12.850000
0.3082111910	1.0208984714	12.860000
0.3184201757	1.0178163595	12.870000
0.3285983393	1.0146321578	12.880000
0.3387446609	1.0113461744	12.890000
0.3488581226	1.0079587278	12.900000
0.3589377099	1.0044701465	12.910000
0.3689824114	1.0008807694	12.920000
0.3789912191	0.9971909453	12.930000
0.3889631285	0.9934010331	12.940000
0.3988971388	0.9895114018	12.950000
0.4087922529	0.9855224305	12.960000
0.4186474772	0.9814345079	12.970000
0.4284618222	0.9772480332	12.980000
0.4382343026	0.9729634149	12.990000
0.4479639367	0.9685810719	13.000000
0.4576497474	0.9641014325	13.010000
0.4672907618	0.9595249351	13.020000
0.4768860111	0.9548520274	13.030000
0.4864345314	0.9500831673	13.040000
0.4959353631	0.9452188220	13.050000
0.5053875513	0.9402594684	13.060000
0.5147901460	0.9352055929	13.070000
0.5241422019	0.9300576914	13.080000
0.5334427788	0.9248162694	13.090000
0.5426909415	0.9194818416	13.100000
0.5518857599	0.9140549322	13.110000
0.5610263093	0.9085360746	13.120000
0.5701116700	0.9029258115	13.130000
0.5791409281	0.8972246948	13.140000
0.5881131751	0.8914332855	13.150000
0.5970275079	0.8855521538	13.160000
0.6058830295	0.8795818787	13.170000
0.6146788482	0.8735230484	13.180000
0.6234140787	0.8673762599	13.190000
0.6320878413	0.8611421191	13.200000
0.6406992625	0.8548212407	13.210000
0.6492474749	0.8484142481	13.220000
0.6577316174	0.8419217733	13.230000
0.6661508351	0.8353444572	13.240000
0.6745042797	0.8286829488	13.250000
0.6827911092	0.8219379060	13.260000
0.6910104883	0.8151099949	13.270000
0.6991615882	0.8081998900	13.280000
0.7072435871	0.8012082742	13.290000
0.7152556698	0.7941358383	13.300000
0.7231970282	0.7869832816	13.310000
0.7310668610	0.7797513113	13.320000
0.7388643742	0.7724406427	13.330000
0.7465887806	0.7650519990	13.340000
0.7542393006	0.7575861111	13.350000
0.7618151617	0.7500437181	13.360000
0.7693155989	0.7424255665	13.370000
0.7767398545	0.7347324105	13.380000
0.7840871786	0.7269650120	13.390000
0.7913568288	0.7191241402	13.400000
0.7985480702	0.7112105719	13.410000
0.8056601759	0.7032250912	13.420000
0.8126924268	0.6951684895	13.430000
0.8196441117	0.6870415652	13.440000
0.8265145273	0.6788451241	13.450000
0.8333029786	0.6705799788	13.460000
0.8400087784	0.6622469490	13.470000
0.8466312479	0.6538468612	13.480000
0.8531697165	0.6453805488	13.490000
0.8596235220	0.6368488516	13.500000
0.8659920105	0.6282526164	13.510000
0.8722745366	0.6195926963	13.520000
0.8784704636	0.6108699509	13.530000
0.8845791631	0.6020852463	13.540000
0.8906000156	0.5932394546	13.550000
0.8965324101	0.5843334545	13.560000
0.9023757447	0.5753681304	13.570000
0.9081294260	0.5663443729	13.580000
0.9137928697	0.5572630787	13.590000
0.9193655005	0.5481251500	13.600000
0.9248467520	0.5389314950	13.610000
0.9302360669	0.5296830274	13.620000
0.9355328972	0.5203806668	13.630000
0.9407367039	0.5110253378	13.640000
0.9458469573	0.5016179708	13.650000
0.9508631370	0.4921595012	13.660000
0.9557847320	0.4826508698	13.670000
0.9606112407	0.4730930225	13.680000
0.9653421709	0.4634869101	13.690000
0.9699770400	0.4538334884	13.700000
0.9745153749	0.4441337180	13.710000
0.9789567121	0.4343885642	13.720000
0.9833005977	0.4245989971	13.730000
0.9875465877	0.4147659911	13.740000
0.9916942476	0.4048905253	13.750000
0.9957431528	0.3949735828	13.760000
0.9996928887	0.3850161513	13.770000
1.0035430502	0.3750192224	13.780000
1.0072932424	0.3649837919	13.790000
1.0109430803	0.3549108594	13.800000
1.0144921889	0.3448014286	13.810000
1.0179402032	0.3346565068	13.820000
1.0212867683	0.3244771047	13.830000
1.0245315393	0.3142642370	13.840000
1.0276741817	0.3040189216	13.850000
1.0307143709	0.2937421798	13.860000
1.0336517927	0.2834350361	13.870000
1.0364861431	0.2730985182	13.880000
1.0392171282	0.2627336568	13.890000
1.0418444648	0.2523414855	13.900000
1.0443678797	0.2419230408	13.910000
1.0467871101	0.2314793620	13.920000
1.0491019037	0.2210114909	13.930000
1.0513120186	0.2105204719	13.940000
1.0534172233	0.2000073517	13.950000
1.0554172968	0.1894731795	13.960000
1.0573120286	0.1789190065	13.970000
1.0591012187	0.1683458862	13.980000
1.0607846776	0.1577548740	13.990000
1.0623622263	0.1471470273	14.000000
1.0638336966	0.1365234050	14.010000
1.0651989306	0.1258850680	14.020000
1.0664577813	0.1152330787	14.030000
1.0676101121	0.1045685009	14.040000
1.0686557971	0.0938923998	14.050000
1.0695947211	0.0832058418	14.060000
1.0704267795	0.0725098946	14.070000
1.0711518785	0.0618056268	14.080000
1.0717699347	0.0510941080	14.090000
1.0722808758	0.0403764087	14.100000
1.0726846399	0.0296535999	14.110000
1.0729811759	0.0189267535	14.120000
1.0731704434	0.0081969418	14.130000
1.0732524129	-0.0025347627	14.140000
1.0732270652	-0.0132672868	14.150000
1.0730943924	-0.0239995574	14.160000
1.0728543968	-0.0347305014	14.170000
1.0725070918	-0.0454590453	14.180000
1.0720525013	-0.0561841163	14.190000
1.0714906602	-0.0669046413	14.200000
1.0708216137	-0.0776195479	14.210000
1.0700454183	-0.0883277640	14.220000
1.0691621406	-0.0990282182	14.230000
1.0681718584	-0.1097198396	14.240000
1.0670746600	-0.1204015582	14.250000
1.0658706445	-0.1310723048	14.260000
1.0645599214	-0.1417310112	14.270000
1.0631426113	-0.1523766104	14.280000
1.0616188452	-0.1630080366	14.290000
1.0599887648	-0.1736242250	14.300000
1.0582525226	-0.1842241127	14.310000
1.0564102815	-0.1948066379	14.320000
1.0544622151	-0.2053707407	14.330000
1.0524085077	-0.2159153628	14.340000
1.0502493540	-0.2264394479	14.350000
1.0479849596	-0.2369419415	14.360000
1.0456155401	-0.2474217911	14.370000
1.0431413222	-0.2578779465	14.380000
1.0405625428	-0.2683093597	14.390000
1.0378794492	-0.2787149851	14.400000
1.0350922993	-0.2890937796	14.410000
1.0322013615	-0.2994447026	14.420000
1.0292069145	-0.3097667162	14.430000
1.0261092473	-0.3200587854	14.440000
1.0229086595	-0.3303198778	14.450000
1.0196054607	-0.3405489644	14.460000
1.0161999711	-0.3507450190	14.470000
1.0126925209	-0.3609070187	14.480000
1.0090834507	-0.3710339440	14.490000
1.0053731112	-0.3811247785	14.500000
1.0015618635	-0.3911785096	14.510000
0.9976500784	-0.4011941282	14.520000
0.9936381371	-0.4111706290	14.530000
0.9895264308	-0.4211070104	14.540000
0.9853153607	-0.4310022747	14.550000
0.9810053379	-0.4408554283	14.560000
0.9765967837	-0.4506654817	14.570000
0.9720901288	-0.4604314495	14.580000
0.9674858143	-0.4701523508	14.590000
0.9627842908	-0.4798272089	14.600000
0.9579860188	-0.4894550518	14.610000
0.9530914682	-0.4990349120	14.620000
0.9481011191	-0.5085658267	14.630000
0.9430154608	-0.5180468379	14.640000
0.9378349925	-0.5274769925	14.650000
0.9325602225	-0.5368553424	14.660000
0.9271916691	-0.5461809446	14.670000
0.9217298597	-0.5554528613	14.680000
0.9161753311	-0.5646701599	14.690000
0.9105286295	-0.5738319132	14.700000
0.9047903103	-0.5829371995	14.710000
0.8989609383	-0.5919851026	14.720000
0.8930410873	-0.6009747120	14.730000
0.8870313402	-0.6099051229	14.740000
0.8809322890	-0.6187754363	14.750000
0.8747445346	-0.6275847592	14.760000
0.8684686870	-0.6363322045	14.770000
0.8621053650	-0.6450168914	14.780000
0.8556551960	-0.6536379451	14.790000
0.8491188166	-0.6621944970	14.800000
0.8424968716	-0.6706856852	14.810000
0.8357900148	-0.6791106539	14.820000
0.8289989082	-0.6874685540	14.830000
0.8221242227	-0.6957585431	14.840000
0.8151666373	-0.7039797854	14.850000
0.8081268394	-0.7121314517	14.860000
0.8010055249	-0.7202127201	14.870000
0.7938033977	-0.7282227754	14.880000
0.7865211699	-0.7361608094	14.890000
0.7791595618	-0.7440260210	14.900000
0.7717193016	-0.7518176167	14.910000
0.7642011255	-0.7595348097	14.920000
0.7566057774	-0.7671768209	14.930000
0.7489340092	-0.7747428787	14.940000
0.7411865804	-0.7822322188	14.950000
0.7333642582	-0.7896440846	14.960000
0.7254678173	-0.7969777272	14.970000
0.7174980401	-0.8042324054	14.980000
0.7094557160	-0.8114073858	14.990000
0.7013416422	-0.8185019429	15.000000
