x1	x2	t
0.000000	1.000000	0.000000
0.009999833333	0.999950000417	0.010000
0.019998666692	0.999800006667	0.020000
0.029995500200	0.999550033749	0.030000
0.039989334183	0.999200106661	0.040000
0.049979169267	0.998750260395	0.050000
0.059964006474	0.998200539935	0.060000
0.069942847332	0.997551000254	0.070000
0.079914693963	0.996801706303	0.080000
0.089878549191	0.995952733013	0.090000
0.099833416639	0.995004165279	0.100000
0.109778300828	0.993956097958	0.110000
0.119712207279	0.992808635855	0.120000
0.129634142609	0.991561893716	0.130000
0.139543114633	0.990215996214	0.140000
0.149438132461	0.988771077938	0.150000
0.159318206601	0.987227283378	0.160000
0.169182349053	0.985584766912	0.170000
0.179029573411	0.983843692791	0.180000
0.188858894961	0.982004235120	0.190000
0.198669330779	0.980066577844	0.200000
0.208459899829	0.978030914728	0.210000
0.218229623063	0.975897449334	0.220000
0.227977523516	0.973666395010	0.230000
0.237702626408	0.971337974857	0.240000
0.247403959234	0.968912421716	0.250000
0.257080551871	0.966389978140	0.260000
0.266731436667	0.963770896372	0.270000
0.276355648542	0.961055438317	0.280000
0.285952225082	0.958243875519	0.290000
0.295520206637	0.955336489133	0.300000
0.305058636419	0.952333569893	0.310000
0.314566560591	0.949235418091	0.320000
0.324043028369	0.946042343537	0.330000
0.333487092114	0.942754665538	0.340000
0.342897807428	0.939372712857	0.350000
0.352274233247	0.935896823688	0.360000
0.361615431936	0.932327345617	0.370000
0.370920469383	0.928664635588	0.380000
0.380188415093	0.924909059869	0.390000
0.389418342278	0.921060994016	0.400000
0.398609327953	0.917120822830	0.410000
0.407760453027	0.913088940326	0.420000
0.416870802397	0.908965749690	0.430000
0.425939465033	0.904751663235	0.440000
0.434965534077	0.900447102369	0.450000
0.443948106931	0.896052497542	0.460000
0.452886285344	0.891568288213	0.470000
0.461779175506	0.886994922797	0.480000
0.470625888135	0.882332858629	0.490000
0.479425538567	0.877582561910	0.500000
0.488177246846	0.872744507666	0.510000
0.496880137806	0.867819179699	0.520000
0.505533341167	0.862807070537	0.530000
0.514135991614	0.857708681387	0.540000
0.522687228891	0.852524522083	0.550000
0.531186197881	0.847255111038	0.560000
0.539632048694	0.841900975188	0.570000
0.548023936751	0.836462649941	0.580000
0.556361022872	0.830940679127	0.590000
0.564642473354	0.825335614938	0.600000
0.572867460059	0.819648017874	0.610000
0.581035160495	0.813878456692	0.620000
0.589144757900	0.808027508343	0.630000
0.597195441319	0.802095757916	0.640000
0.605186405693	0.796083798581	0.650000
0.613116851930	0.789992231531	0.660000
0.620985986993	0.783821665915	0.670000
0.628793023974	0.777572718786	0.680000
0.636537182177	0.771246015033	0.690000
0.644217687193	0.764842187322	0.700000
0.651833770976	0.758361876029	0.710000
0.659384671926	0.751805729180	0.720000
0.666869634958	0.745174402385	0.730000
0.674287911582	0.738468558771	0.740000
0.681638759977	0.731688868916	0.750000
0.688921445064	0.724836010784	0.760000
0.696135238581	0.717910669655	0.770000
0.703279419154	0.710913538058	0.780000
0.710353272371	0.703845315699	0.790000
0.717356090853	0.696706709395	0.800000
0.724287174323	0.689498433000	0.810000
0.731145829680	0.682221207337	0.820000
0.737931371063	0.674875760122	0.830000
0.744643119924	0.667462825893	0.840000
0.751280405093	0.659983145938	0.850000
0.757842562848	0.652437468218	0.860000
0.764328936978	0.644826547295	0.870000
0.770738878852	0.637151144255	0.880000
0.777071747480	0.629412026631	0.890000
0.783326909580	0.621609968329	0.900000
0.789503739643	0.613745749548	0.910000
0.795601619989	0.605820156704	0.920000
0.801619940837	0.597833982349	0.930000
0.807558100358	0.589788025094	0.940000
0.813415504743	0.581683089528	0.950000
0.819191568255	0.573519986138	0.960000
0.824885713292	0.565299531227	0.970000
0.830497370446	0.557022546834	0.980000
0.836025978555	0.548689860650	0.990000
0.841470984762	0.540302305938	1.000000
0.846831844573	0.531860721445	1.010000
0.852108021904	0.523365951324	1.020000
0.857298989144	0.514818845043	1.030000
0.862404227199	0.506220257307	1.040000
0.867423225550	0.497571047967	1.050000
0.872355482301	0.488872081937	1.060000
0.877200504231	0.480124229106	1.070000
0.881957806842	0.471328364253	1.080000
0.886626914407	0.462485366955	1.090000
0.891207360019	0.453596121507	1.100000
0.895698685638	0.444661516824	1.110000
0.900100442135	0.435682446360	1.120000
0.904412189338	0.426659808015	1.130000
0.908633496075	0.417594504044	1.140000
0.912763940221	0.408487440971	1.150000
0.916803108732	0.399339529495	1.160000
0.920750597697	0.390151684398	1.170000
0.924606012370	0.380924824457	1.180000
0.928368967212	0.371659872352	1.190000
0.932039085930	0.362357754570	1.200000
0.935616001517	0.353019401313	1.210000
0.939099356283	0.343645746411	1.220000
0.942488801897	0.334237727221	1.230000
0.945783999415	0.324796284536	1.240000
0.948984619322	0.315322362494	1.250000
0.952090341558	0.305816908478	1.260000
0.955100855552	0.296280873026	1.270000
0.958015860258	0.286715209734	1.280000
0.960835064175	0.277120875160	1.290000
0.963558185387	0.267498828729	1.300000
0.966184951584	0.257850032638	1.310000
0.968715100090	0.248175451759	1.320000
0.971148377894	0.238476053541	1.330000
0.973484541669	0.228752807917	1.340000
0.975723357801	0.219006687203	1.350000
0.977864602411	0.209238666002	1.360000
0.979908061375	0.199449721109	1.370000
0.981853530350	0.189640831411	1.380000
0.983700814790	0.179812977787	1.390000
0.985449729968	0.169967143015	1.400000
0.987100100994	0.160104311671	1.410000
0.988651762833	0.150225470029	1.420000
0.990104560319	0.140331605965	1.430000
0.991458348175	0.130423708857	1.440000
0.992712991022	0.120502769487	1.450000
0.993868363397	0.110569779941	1.460000
0.994924349764	0.100625733509	1.470000
0.995880844525	0.090671624587	1.480000
0.996737752032	0.080708448578	1.490000
0.997494986594	0.070737201792	1.500000
0.998152472489	0.060758881345	1.510000
0.998710143968	0.050774485060	1.520000
0.999167945265	0.040785011369	1.530000
0.999525830600	0.030791459211	1.540000
0.999783764186	0.020794827932	1.550000
0.999941720227	0.010796117188	1.560000
0.999999682931	0.000796326842	1.570000
0.999957646499	-0.009203543137	1.580000
0.999815615136	-0.019202492769	1.590000
0.999573603044	-0.029199522168	1.600000
0.999231634426	-0.039193631639	1.610000
0.998789743476	-0.049183821779	1.620000
0.998247974385	-0.059169093578	1.630000
0.997606381327	-0.069148448518	1.640000
0.996865028464	-0.079120888670	1.650000
0.996023989928	-0.089085416799	1.660000
0.995083349823	-0.099041036460	1.670000
0.994043202212	-0.108986752101	1.680000
0.992903651110	-0.118921569157	1.690000
0.991664810470	-0.128844494155	1.700000
0.990326804175	-0.138754534811	1.710000
0.988889766025	-0.148650700129	1.720000
0.987353839722	-0.158532000502	1.730000
0.985719178859	-0.168397447806	1.740000
0.983985946899	-0.178246055506	1.750000
0.982154317164	-0.188076838749	1.760000
0.980224472816	-0.197888814464	1.770000
0.978196606838	-0.207681001463	1.780000
0.976070922014	-0.217452420536	1.790000
0.973847630911	-0.227202094547	1.800000
0.971526955857	-0.236929048538	1.810000
0.969109128917	-0.246632309822	1.820000
0.966594391871	-0.256310908080	1.830000
0.963982996192	-0.265963875461	1.840000
0.961275203017	-0.275590246676	1.850000
0.958471283122	-0.285189059096	1.860000
0.955571516898	-0.294759352848	1.870000
0.952576194318	-0.304300170910	1.880000
0.949485614913	-0.313810559209	1.890000
0.946300087737	-0.323289566713	1.900000
0.943019931342	-0.332736245530	1.910000
0.939645473739	-0.342149651000	1.920000
0.936177052372	-0.351528841790	1.930000
0.932615014079	-0.360872879989	1.940000
0.928959715063	-0.370180831200	1.950000
0.925211520849	-0.379451764637	1.960000
0.921370806254	-0.388684753213	1.970000
0.917437955346	-0.397878873638	1.980000
0.913413361407	-0.407033206507	1.990000
0.909297426894	-0.416146836395	2.000000
0.905090563395	-0.425218851946	2.010000
0.900793191594	-0.434248345966	2.020000
0.896405741225	-0.443234415513	2.030000
0.891928651029	-0.452176161989	2.040000
0.887362368711	-0.461072691224	2.050000
0.882707350895	-0.469923113575	2.060000
0.877964063080	-0.478726544007	2.070000
0.873132979591	-0.487482102182	2.080000
0.868214583531	-0.496188912554	2.090000
0.863209366736	-0.504846104448	2.100000
0.858117829724	-0.513452812152	2.110000
0.852940481644	-0.522008175003	2.120000
0.847677840226	-0.530511337472	2.130000
0.842330431732	-0.538961449249	2.140000
0.836898790895	-0.547357665330	2.150000
0.831383460877	-0.555699146100	2.160000
0.825784993206	-0.563985057419	2.170000
0.820103947724	-0.572214570703	2.180000
0.814340892530	-0.580386863006	2.190000
0.808496403926	-0.588501117106	2.200000
0.802571066355	-0.596556521585	2.210000
0.796565472347	-0.604552270910	2.220000
0.790480222455	-0.612487565511	2.230000
0.784315925199	-0.620361611865	2.240000
0.778073197004	-0.628173622576	2.250000
0.771752662139	-0.635922816448	2.260000
0.765354952650	-0.643608418568	2.270000
0.758880708303	-0.651229660382	2.280000
0.752330576519	-0.658785779774	2.290000
0.745705212303	-0.666276021136	2.300000
0.739005278188	-0.673699635451	2.310000
0.732231444161	-0.681055880364	2.320000
0.725384387599	-0.688344020257	2.330000
0.718464793204	-0.695563326322	2.340000
0.711473352927	-0.702713076633	2.350000
0.704410765909	-0.709792556222	2.360000
0.697277738400	-0.716801057148	2.370000
0.690074983699	-0.723737878565	2.380000
0.682803222075	-0.730602326797	2.390000
0.675463180697	-0.737393715405	2.400000
0.668055593565	-0.744111365256	2.410000
0.660581201429	-0.750754604591	2.420000
0.653040751725	-0.757322769091	2.430000
0.645434998489	-0.763815201945	2.440000
0.637764702291	-0.770231253916	2.450000
0.630030630154	-0.776570283403	2.460000
0.622233555479	-0.782831656509	2.470000
0.614374257968	-0.789014747101	2.480000
0.606453523542	-0.795118936877	2.490000
0.598472144270	-0.801143615421	2.500000
0.590430918282	-0.807088180271	2.510000
0.582330649694	-0.812952036976	2.520000
0.574172148526	-0.818734599155	2.530000
0.565956230622	-0.824435288556	2.540000
0.557683717567	-0.830053535115	2.550000
0.549355436604	-0.835588777013	2.560000
0.540972220556	-0.841040460729	2.570000
0.532534907737	-0.846408041100	2.580000
0.524044341870	-0.851690981372	2.590000
0.515501372006	-0.856888753256	2.600000
0.506906852435	-0.862000836978	2.610000
0.498261642600	-0.867026721335	2.620000
0.489566607017	-0.871965903743	2.630000
0.480822615181	-0.876817890287	2.640000
0.472030541484	-0.881582195772	2.650000
0.463191265126	-0.886258343773	2.660000
0.454305670028	-0.890845866678	2.670000
0.445374644741	-0.895344305738	2.680000
0.436399082361	-0.899753211114	2.690000
0.427379880436	-0.904072141919	2.700000
0.418317940880	-0.908300666263	2.710000
0.409214169878	-0.912438361297	2.720000
0.400069477800	-0.916484813256	2.730000
0.390884779108	-0.920439617497	2.740000
0.381660992263	-0.924302378543	2.750000
0.372399039638	-0.928072710122	2.760000
0.363099847419	-0.931750235203	2.770000
0.353764345517	-0.935334586037	2.780000
0.344393467476	-0.938825404192	2.790000
0.334988150375	-0.942222340589	2.800000
0.325549334738	-0.945525055537	2.810000
0.316077964439	-0.948733218767	2.820000
0.306574986607	-0.951846509466	2.830000
0.297041351532	-0.954864616307	2.840000
0.287478012569	-0.957787237483	2.850000
0.277885926045	-0.960614080733	2.860000
0.268266051159	-0.963344863375	2.870000
0.258619349892	-0.965979312334	2.880000
0.248946786906	-0.968517164167	2.890000
0.239249329448	-0.970958165090	2.900000
0.229527947257	-0.973302071006	2.910000
0.219783612462	-0.975548647526	2.920000
0.210017299489	-0.977697669994	2.930000
0.200229984961	-0.979748923510	2.940000
0.190422647602	-0.981702202950	2.950000
0.180596268136	-0.983557312987	2.960000
0.170751829195	-0.985314068114	2.970000
0.160890315212	-0.986972292654	2.980000
0.151012712332	-0.988531820788	2.990000
0.141120008307	-0.989992496563	3.000000
0.131213192399	-0.991354173914	3.010000
0.121293255280	-0.992616716673	3.020000
0.111361188937	-0.993779998588	3.030000
0.101417986568	-0.994843903332	3.040000
0.091464642485	-0.995808324514	3.050000
0.081502152014	-0.996673165693	3.060000
0.071531511396	-0.997438340387	3.070000
0.061553717686	-0.998103772077	3.080000
0.051569768656	-0.998669394222	3.090000
0.041580662691	-0.999135150260	3.100000
0.031587398695	-0.999500993616	3.110000
0.021590975986	-0.999766887705	3.120000
0.011592394197	-0.999932805939	3.130000
0.001592653178	-0.999998731725	3.140000
-0.008407247105	-0.999964658471	3.150000
-0.018406306670	-0.999830589585	3.160000
-0.028403525619	-0.999596538473	3.170000
-0.038397904240	-0.999262528541	3.180000
-0.048388443103	-0.998828593188	3.190000
-0.058374143161	-0.998294775808	3.200000
-0.068354005854	-0.997661129783	3.210000
-0.078327033203	-0.996927718476	3.220000
-0.088292227914	-0.996094615228	3.230000
-0.098248593476	-0.995161903348	3.240000
-0.108195134261	-0.994129676108	3.250000
-0.118130855622	-0.992998036728	3.260000
-0.128054763996	-0.991767098372	3.270000
-0.137965867000	-0.990436984133	3.280000
-0.147863173533	-0.989007827021	3.290000
-0.157745693871	-0.987479769950	3.300000
-0.167612439772	-0.985852965725	3.310000
-0.177462424568	-0.984127577025	3.320000
-0.187294663270	-0.982303776388	3.330000
-0.197108172661	-0.980381746191	3.340000
-0.206901971400	-0.978361678637	3.350000
-0.216675080114	-0.976243775731	3.360000
-0.226426521500	-0.974028249260	3.370000
-0.236155320423	-0.971715320776	3.380000
-0.245860504010	-0.969305221570	3.390000
-0.255541101752	-0.966798192650	3.400000
-0.265196145597	-0.964194484715	3.410000
-0.274824670048	-0.961494358136	3.420000
-0.284425712262	-0.958698082923	3.430000
-0.293998312141	-0.955805938700	3.440000
-0.303541512434	-0.952818214679	3.450000
-0.313054358828	-0.949735209631	3.460000
-0.322535900048	-0.946557231854	3.470000
-0.331985187946	-0.943284599142	3.480000
-0.341401277603	-0.939917638757	3.490000
-0.350783227416	-0.936456687391	3.500000
-0.360130099198	-0.932902091136	3.510000
-0.369440958271	-0.929254205450	3.520000
-0.378714873556	-0.925513395118	3.530000
-0.387950917669	-0.921680034217	3.540000
-0.397148167013	-0.917754506081	3.550000
-0.406305701872	-0.913737203260	3.560000
-0.415422606500	-0.909628527479	3.570000
-0.424497969212	-0.905428889604	3.580000
-0.433530882482	-0.901138709594	3.590000
-0.442520443025	-0.896758416465	3.600000
-0.451465751892	-0.892288448241	3.610000
-0.460365914560	-0.887729251915	3.620000
-0.469220041020	-0.883081283405	3.630000
-0.478027245868	-0.878345007502	3.640000
-0.486786648389	-0.873520897830	3.650000
-0.495497372651	-0.868609436796	3.660000
-0.504158547588	-0.863611115543	3.670000
-0.512769307091	-0.858526433897	3.680000
-0.521328790091	-0.853355900324	3.690000
-0.529836140646	-0.848100031872	3.700000
-0.538290508028	-0.842759354123	3.710000
-0.546691046808	-0.837334401141	3.720000
-0.555036916939	-0.831825715417	3.730000
-0.563327283841	-0.826233847815	3.740000
-0.571561318484	-0.820559357516	3.750000
-0.579738197472	-0.814802811965	3.760000
-0.587857103123	-0.808964786813	3.770000
-0.595917223553	-0.803045865855	3.780000
-0.603917752758	-0.797046640981	3.790000
-0.611857890691	-0.790967712106	3.800000
-0.619736843344	-0.784809687119	3.810000
-0.627553822830	-0.778573181818	3.820000
-0.635308047456	-0.772258819847	3.830000
-0.642998741807	-0.765867232638	3.840000
-0.650625136820	-0.759399059344	3.850000
-0.658186469861	-0.752854946777	3.860000
-0.665681984804	-0.746235549342	3.870000
-0.673110932103	-0.739541528975	3.880000
-0.680472568869	-0.732773555071	3.890000
-0.687766158946	-0.725932304422	3.900000
-0.694990972980	-0.719018461147	3.910000
-0.702146288496	-0.712032716626	3.920000
-0.709231389969	-0.704975769426	3.930000
-0.716245568893	-0.697848325237	3.940000
-0.723188123857	-0.690651096797	3.950000
-0.730058360612	-0.683384803822	3.960000
-0.736855592139	-0.676050172937	3.970000
-0.743579138720	-0.668647937598	3.980000
-0.750228328008	-0.661178838022	3.990000
-0.756802495088	-0.653643621114	4.000000
-0.763300982549	-0.646043040388	4.010000
-0.769723140548	-0.638377855897	4.020000
-0.776068326874	-0.630648834152	4.030000
-0.782335907015	-0.622856748049	4.040000
-0.788525254216	-0.615002376790	4.050000
-0.794635749550	-0.607086505806	4.060000
-0.800666781970	-0.599109926678	4.070000
-0.806617748380	-0.591073437056	4.080000
-0.812488053687	-0.582977840583	4.090000
-0.818277110866	-0.574823946811	4.100000
-0.823984341015	-0.566612571124	4.110000
-0.829609173417	-0.558344534652	4.120000
-0.835151045593	-0.550020664192	4.130000
-0.840609403361	-0.541641792124	4.140000
-0.845983700889	-0.533208756328	4.150000
-0.851273400751	-0.524722400101	4.160000
-0.856477973983	-0.516183572071	4.170000
-0.861596900131	-0.507593126114	4.180000
-0.866629667308	-0.498951921267	4.190000
-0.871575772239	-0.490260821644	4.200000
-0.876434720320	-0.481520696348	4.210000
-0.881206025660	-0.472732419383	4.220000
-0.885889211130	-0.463896869570	4.230000
-0.890483808419	-0.455014930457	4.240000
-0.894989358068	-0.446087490229	4.250000
-0.899405409527	-0.437115441625	4.260000
-0.903731521195	-0.428099681841	4.270000
-0.907967260464	-0.419041112445	4.280000
-0.912112203764	-0.409940639287	4.290000
-0.916165936603	-0.400799172407	4.300000
-0.920128053612	-0.391617625944	4.310000
-0.923998158583	-0.382396918044	4.320000
-0.927775864507	-0.373137970771	4.330000
-0.931460793619	-0.363841710013	4.340000
-0.935052577427	-0.354509065386	4.350000
-0.938550856757	-0.345140970148	4.360000
-0.941955281783	-0.335738361101	4.370000
-0.945265512066	-0.326302178498	4.380000
-0.948481216586	-0.316833365948	4.390000
-0.951602073774	-0.307332870326	4.400000
-0.954627771548	-0.297801641674	4.410000
-0.957558007340	-0.288240633105	4.420000
-0.960392488130	-0.278650800713	4.430000
-0.963130930471	-0.269033103473	4.440000
-0.965773060521	-0.259388503147	4.450000
-0.968318614071	-0.249717964187	4.460000
-0.970767336566	-0.240022453638	4.470000
-0.973118983136	-0.230302941045	4.480000
-0.975373318619	-0.220560398349	4.490000
-0.977530117583	-0.210795799797	4.500000
-0.979589164350	-0.201010121840	4.510000
-0.981550253016	-0.191204343039	4.520000
-0.983413187476	-0.181379443963	4.530000
-0.985177781436	-0.171536407094	4.540000
-0.986843858439	-0.161676216727	4.550000
-0.988411251878	-0.151799858873	4.560000
-0.989879805016	-0.141908321160	4.570000
-0.991249370999	-0.132002592733	4.580000
-0.992519812870	-0.122083664157	4.590000
-0.993691003587	-0.112152527316	4.600000
-0.994762826032	-0.102210175315	4.610000
-0.995735173024	-0.092257602383	4.620000
-0.996607947327	-0.082295803767	4.630000
-0.997381061667	-0.072325775639	4.640000
-0.998054438731	-0.062348514994	4.650000
-0.998628011184	-0.052365019549	4.660000
-0.999101721667	-0.042376287646	4.670000
-0.999475522811	-0.032383318149	4.680000
-0.999749377236	-0.022387110348	4.690000
-0.999923257556	-0.012388663854	4.700000
-0.999997146384	-0.002388978505	4.710000
-0.999971036330	0.007610945741	4.720000
-0.999844930006	0.017610108898	4.730000
-0.999618840022	0.027607511059	4.740000
-0.999292788987	0.037602152492	4.750000
-0.998866809506	0.047593033741	4.760000
-0.998340944176	0.057579155727	4.770000
-0.997715245584	0.067559519845	4.780000
-0.996989776299	0.077533128067	4.790000
-0.996164608868	0.087498983041	4.800000
-0.995239825805	0.097456088189	4.810000
-0.994215519589	0.107403447810	4.820000
-0.993091792650	0.117340067176	4.830000
-0.991868757359	0.127264952633	4.840000
-0.990546536019	0.137177111700	4.850000
-0.989125260851	0.147075553171	4.860000
-0.987605073981	0.156959287209	4.870000
-0.985986127426	0.166827325449	4.880000
-0.984268583081	0.176678681095	4.890000
-0.982452612697	0.186512369021	4.900000
-0.980538397871	0.196327405865	4.910000
-0.978526130022	0.206122810132	4.920000
-0.976416010376	0.215897602290	4.930000
-0.974208249942	0.225650804868	4.940000
-0.971903069496	0.235381442553	4.950000
-0.969500699552	0.245088542290	4.960000
-0.967001380346	0.254771133377	4.970000
-0.964405361808	0.264428247563	4.980000
-0.961712903537	0.274058919145	4.990000
-0.958924274778	0.283662185063	5.000000
-0.956039754390	0.293237084999	5.010000
-0.953059630824	0.302782661471	5.020000
-0.949984202088	0.312297959929	5.030000
-0.946813775724	0.321782028851	5.040000
-0.943548668772	0.331233919839	5.050000
-0.940189207739	0.340652687710	5.060000
-0.936735728569	0.350037390597	5.070000
-0.933188576606	0.359387090036	5.080000
-0.929548106564	0.368700851066	5.090000
-0.925814682485	0.377977742318	5.100000
-0.921988677710	0.387216836111	5.110000
-0.918070474835	0.396417208543	5.120000
-0.914060465678	0.405577939584	5.130000
-0.909959051236	0.414698113170	5.140000
-0.905766641647	0.423776817289	5.150000
-0.901483656149	0.432813144080	5.160000
-0.897110523037	0.441806189918	5.170000
-0.892647679620	0.450755055504	5.180000
-0.888095572178	0.459658845961	5.190000
-0.883454655920	0.468516670916	5.200000
-0.878725394932	0.477327644594	5.210000
-0.873908262137	0.486090885906	5.220000
-0.869003739244	0.494805518534	5.230000
-0.864012316702	0.503470671023	5.240000
-0.858934493647	0.512085476864	5.250000
-0.853770777860	0.520649074584	5.260000
-0.848521685705	0.529160607831	5.270000
-0.843187742090	0.537619225458	5.280000
-0.837769480403	0.546024081610	5.290000
-0.832267442466	0.554374335810	5.300000
-0.826682178478	0.562669153037	5.310000
-0.821014246961	0.570907703818	5.320000
-0.815264214704	0.579089164305	5.330000
-0.809432656705	0.587212716358	5.340000
-0.803520156115	0.595277547628	5.350000
-0.797527304178	0.603282851640	5.360000
-0.791454700176	0.611227827869	5.370000
-0.785302951363	0.619111681825	5.380000
-0.779072672910	0.626933625129	5.390000
-0.772764487839	0.634692875593	5.400000
-0.766379026963	0.642388657298	5.410000
-0.759916928822	0.650020200672	5.420000
-0.753378839622	0.657586742568	5.430000
-0.746765413166	0.665087526338	5.440000
-0.740077310792	0.672521801910	5.450000
-0.733315201302	0.679888825862	5.460000
-0.726479760904	0.687187861497	5.470000
-0.719571673135	0.694418178920	5.480000
-0.712591628798	0.701579055103	5.490000
-0.705540325892	0.708669773965	5.500000
-0.698418469542	0.715689626441	5.510000
-0.691226771927	0.722637910550	5.520000
-0.683965952210	0.729513931470	5.530000
-0.676636736469	0.736317001605	5.540000
-0.669239857617	0.743046440654	5.550000
-0.661776055338	0.749701575678	5.560000
-0.654246076004	0.756281741169	5.570000
-0.646650672608	0.762786279116	5.580000
-0.638990604684	0.769214539071	5.590000
-0.631266638232	0.775565878213	5.600000
-0.623479545642	0.781839661413	5.610000
-0.615630105617	0.788035261299	5.620000
-0.607719103094	0.794152058315	5.630000
-0.599747329168	0.800189440788	5.640000
-0.591715581008	0.806146804983	5.650000
-0.583624661784	0.812023555169	5.660000
-0.575475380579	0.817819103677	5.670000
-0.567268552317	0.823532870956	5.680000
-0.559004997671	0.829164285634	5.690000
-0.550685542992	0.834712784574	5.700000
-0.542311020217	0.840177812932	5.710000
-0.533882266793	0.845558824208	5.720000
-0.525400125586	0.850855280307	5.730000
-0.516865444805	0.856066651587	5.740000
-0.508279077910	0.861192416915	5.750000
-0.499641883531	0.866232063718	5.760000
-0.490954725380	0.871185088038	5.770000
-0.482218472165	0.876050994574	5.780000
-0.473433997505	0.880829296742	5.790000
-0.464602179840	0.885519516713	5.800000
-0.455723902344	0.890121185471	5.810000
-0.446800052838	0.894633842852	5.820000
-0.437831523698	0.899057037594	5.830000
-0.428819211771	0.903390327382	5.840000
-0.419764018281	0.907633278890	5.850000
-0.410666848738	0.911785467826	5.860000
-0.401528612853	0.915846478976	5.870000
-0.392350224441	0.919815906241	5.880000
-0.383132601333	0.923693352681	5.890000
-0.373876665285	0.927478430556	5.900000
-0.364583341881	0.931170761361	5.910000
-0.355253560448	0.934769975866	5.920000
-0.345888253954	0.938275714152	5.930000
-0.336488358923	0.941687625649	5.940000
-0.327054815337	0.945005369168	5.950000
-0.317588566542	0.948228612938	5.960000
-0.308090559154	0.951357034636	5.970000
-0.298561742968	0.954390321424	5.980000
-0.289003070856	0.957328169975	5.990000
-0.279415498678	0.960170286507	6.000000
-0.269799985183	0.962916386810	6.010000
-0.260157491914	0.965566196277	6.020000
-0.250488983112	0.968119449929	6.030000
-0.240795425622	0.970575892443	6.040000
-0.231077788789	0.972935278176	6.050000
-0.221337044370	0.975197371193	6.060000
-0.211574166431	0.977361945285	6.070000
-0.201790131252	0.979428783997	6.080000
-0.191985917227	0.981397680646	6.090000
-0.182162504771	0.983268438346	6.100000
-0.172320876216	0.985040870021	6.110000
-0.162462015718	0.986714798430	6.120000
-0.152586909153	0.988290056181	6.130000
-0.142696544024	0.989766485751	6.140000
-0.132791909360	0.991143939496	6.150000
-0.122873995615	0.992422279674	6.160000
-0.112943794574	0.993601378450	6.170000
-0.103002299247	0.994681117917	6.180000
-0.093050503776	0.995661390101	6.190000
-0.083089403332	0.996542096976	6.200000
-0.073119994017	0.997323150471	6.210000
-0.063143272764	0.998004472483	6.220000
-0.053160237236	0.998585994879	6.230000
-0.043171885728	0.999067659508	6.240000
-0.033179217068	0.999449418203	6.250000
-0.023183230514	0.999731232789	6.260000
-0.013184925656	0.999913075085	6.270000
-0.003185302316	0.999994926907	6.280000
0.006814639551	0.999976780070	6.290000
0.016813899959	0.999858636388	6.300000
0.026811478992	0.999640507675	6.310000
0.036806376899	0.999322415745	6.320000
0.046797594200	0.998904392406	6.330000
0.056784131779	0.998386479460	6.340000
0.066764990993	0.997768728699	6.350000
0.076739173764	0.997051201895	6.360000
0.086705682681	0.996233970803	6.370000
0.096663521102	0.995317117144	6.380000
0.106611693251	0.994300732602	6.390000
0.116549204320	0.993184918816	6.400000
0.126475060566	0.991969787365	6.410000
0.136388269411	0.990655459763	6.420000
0.146287839543	0.989242067440	6.430000
0.156172781012	0.987729751735	6.440000
0.166042105334	0.986118663877	6.450000
0.175894825584	0.984408964975	6.460000
0.185729956497	0.982600825997	6.470000
0.195546514570	0.980694427755	6.480000
0.205343518154	0.978689960888	6.490000
0.215119987558	0.976587625840	6.500000
0.224874945142	0.974387632844	6.510000
0.234607415419	0.972090201896	6.520000
0.244316425150	0.969695562738	6.530000
0.254001003442	0.967203954831	6.540000
0.263660181845	0.964615627336	6.550000
0.273292994450	0.961930839081	6.560000
0.282898477983	0.959149858544	6.570000
0.292475671904	0.956272963821	6.580000
0.302023618502	0.953300442598	6.590000
0.311541362989	0.950232592126	6.600000
0.321027953600	0.947069719186	6.610000
0.330482441683	0.943812140063	6.620000
0.339903881797	0.940460180513	6.630000
0.349291331807	0.937014175728	6.640000
0.358643852974	0.933474470307	6.650000
0.367960510055	0.929841418217	6.660000
0.377240371391	0.926115382759	6.670000
0.386482509005	0.922296736536	6.680000
0.395685998690	0.918385861407	6.690000
0.404849920104	0.914383148457	6.700000
0.413973356864	0.910288997955	6.710000
0.423055396634	0.906103819311	6.720000
0.432095131216	0.901828031040	6.730000
0.441091656645	0.897462060718	6.740000
0.450044073276	0.893006344938	6.750000
0.458951485875	0.888461329267	6.760000
0.467813003708	0.883827468204	6.770000
0.476627740630	0.879105225131	6.780000
0.485394815175	0.874295072268	6.790000
0.494113350644	0.869397490626	6.800000
0.502782475189	0.864412969959	6.810000
0.511401321905	0.859342008716	6.820000
0.519969028916	0.854185113988	6.830000
0.528484739457	0.848942801461	6.840000
0.536947601964	0.843615595361	6.850000
0.545356770159	0.838204028404	6.860000
0.553711403131	0.832708641743	6.870000
0.562010665424	0.827129984912	6.880000
0.570253727119	0.821468615771	6.890000
0.578439763916	0.815725100454	6.900000
0.586567957220	0.809900013306	6.910000
0.594637494216	0.803993936832	6.920000
0.602647567958	0.798007461635	6.930000
0.610597377446	0.791941186356	6.940000
0.618486127705	0.785795717618	6.950000
0.626313029866	0.779571669964	6.960000
0.634077301247	0.773269665792	6.970000
0.641778165426	0.766890335298	6.980000
0.649414852323	0.760434316409	6.990000
0.656986598276	0.753902254723	7.000000
0.664492646117	0.747294803439	7.010000
0.671932245246	0.740612623298	7.020000
0.679304651712	0.733856382512	7.030000
0.686609128278	0.727026756699	7.040000
0.693844944503	0.720124428816	7.050000
0.701011376813	0.713150089090	7.060000
0.708107708568	0.706104434950	7.070000
0.715133230143	0.698988170955	7.080000
0.722087238991	0.691802008725	7.090000
0.728969039717	0.684546666871	7.100000
0.735777944147	0.677222870920	7.110000
0.742513271395	0.669831353247	7.120000
0.749174347934	0.662372852997	7.130000
0.755760507664	0.654848116013	7.140000
0.762271091972	0.647257894764	7.150000
0.768705449806	0.639602948264	7.160000
0.775062937736	0.631884042003	7.170000
0.781342920018	0.624101947864	7.180000
0.787544768660	0.616257444050	7.190000
0.793667863480	0.608351315005	7.200000
0.799711592176	0.600384351336	7.210000
0.805675350379	0.592357349732	7.220000
0.811558541718	0.584271112887	7.230000
0.817360577879	0.576126449418	7.240000
0.823080878664	0.567924173783	7.250000
0.828718872047	0.559665106205	7.260000
0.834273994233	0.551350072582	7.270000
0.839745689715	0.542979904411	7.280000
0.845133411328	0.534555438703	7.290000
0.850436620304	0.526077517896	7.300000
0.855654786327	0.517546989775	7.310000
0.860787387584	0.508964707387	7.320000
0.865833910820	0.500331528953	7.330000
0.870793851386	0.491648317782	7.340000
0.875666713293	0.482915942190	7.350000
0.880452009258	0.474135275405	7.360000
0.885149260756	0.465307195489	7.370000
0.889757998065	0.456432585240	7.380000
0.894277760316	0.447512332113	7.390000
0.898708095537	0.438547328126	7.400000
0.903048560696	0.429538469772	7.410000
0.907298721753	0.420486657929	7.420000
0.911458153693	0.411392797770	7.430000
0.915526440577	0.402257798674	7.440000
0.919503175580	0.393082574134	7.450000
0.923387961032	0.383868041664	7.460000
0.927180408457	0.374615122709	7.470000
0.930880138615	0.365324742555	7.480000
0.934486781534	0.355997830230	7.490000
0.937999976553	0.346635318419	7.500000
0.941419372357	0.337238143366	7.510000
0.944744627008	0.327807244779	7.520000
0.947975407983	0.318343565740	7.530000
0.951111392208	0.308848052611	7.540000
0.954152266086	0.299321654933	7.550000
0.957097725533	0.289765325340	7.560000
0.959947476005	0.280180019455	7.570000
0.962701232529	0.270566695802	7.580000
0.965358719732	0.260926315705	7.590000
0.967919671867	0.251259843194	7.600000
0.970383832842	0.241568244908	7.610000
0.972750956243	0.231852489998	7.620000
0.975020805358	0.222113550033	7.630000
0.977193153205	0.212352398898	7.640000
0.979267782552	0.202570012700	7.650000
0.981244485936	0.192767369670	7.660000
0.983123065689	0.182945450063	7.670000
0.984903333956	0.173105236064	7.680000
0.986585112709	0.163247711685	7.690000
0.988168233773	0.153373862671	7.700000
0.989652538838	0.143484676399	7.710000
0.991037879473	0.133581141779	7.720000
0.992324117146	0.123664249155	7.730000
0.993511123235	0.113734990210	7.740000
0.994598779039	0.103794357861	7.750000
0.995586975794	0.093843346162	7.760000
0.996475614681	0.083882950207	7.770000
0.997264606837	0.073914166027	7.780000
0.997953873363	0.063937990492	7.790000
0.998543345334	0.053955421211	7.800000
0.999032963802	0.043967456433	7.810000
0.999422679807	0.033975094946	7.820000
0.999712454376	0.023979335978	7.830000
0.999902258533	0.013981179096	7.840000
0.999992073298	0.003981624108	7.850000
0.999981889688	-0.006018329039	7.860000
0.999871708723	-0.016017680358	7.870000
0.999661541420	-0.026015429923	7.880000
0.999351408797	-0.036010577966	7.890000
0.998941341865	-0.046002124982	7.900000
0.998431381631	-0.055989071823	7.910000
0.997821579091	-0.065970419804	7.920000
0.997111995225	-0.075945170798	7.930000
0.996302700990	-0.085912327338	7.940000
0.995393777316	-0.095870892717	7.950000
0.994385315093	-0.105819871086	7.960000
0.993277415167	-0.115758267557	7.970000
0.992070188328	-0.125685088297	7.980000
0.990763755296	-0.135599340633	7.990000
0.989358246715	-0.145500033148	8.000000
0.987853803133	-0.155386175781	8.010000
0.986250574995	-0.165256779926	8.020000
0.984548722620	-0.175110858531	8.030000
0.982748416194	-0.184947426196	8.040000
0.980849835746	-0.194765499272	8.050000
0.978853171131	-0.204564095961	8.060000
0.976758622014	-0.214342236410	8.070000
0.974566397850	-0.224098942815	8.080000
0.972276717858	-0.233833239512	8.090000
0.969889811004	-0.243544153080	8.100000
0.967405915977	-0.253230712435	8.110000
0.964825281166	-0.262891948931	8.120000
0.962148164630	-0.272526896450	8.130000
0.959374834079	-0.282134591507	8.140000
0.956505566844	-0.291714073340	8.150000
0.953540649850	-0.301264384009	8.160000
0.950480379585	-0.310784568490	8.170000
0.947325062075	-0.320273674774	8.180000
0.944075012848	-0.329730753957	8.190000
0.940730556906	-0.339154860339	8.200000
0.937292028693	-0.348545051518	8.210000
0.933759772057	-0.357900388482	8.220000
0.930134140223	-0.367219935706	8.230000
0.926415495750	-0.376502761242	8.240000
0.922604210499	-0.385747936816	8.250000
0.918700665596	-0.394954537917	8.260000
0.914705251392	-0.404121643894	8.270000
0.910618367426	-0.413248338043	8.280000
0.906440422381	-0.422333707703	8.290000
0.902171834049	-0.431376844344	8.300000
0.897813029286	-0.440376843660	8.310000
0.893364443969	-0.449332805659	8.320000
0.888826522951	-0.458243834751	8.330000
0.884199720021	-0.467109039842	8.340000
0.879484497857	-0.475927534419	8.350000
0.874681327976	-0.484698436638	8.360000
0.869790690690	-0.493420869418	8.370000
0.864813075061	-0.502093960522	8.380000
0.859748978845	-0.510716842648	8.390000
0.854598908447	-0.519288653515	8.400000
0.849363378870	-0.527808535950	8.410000
0.844042913664	-0.536275637972	8.420000
0.838638044869	-0.544689112876	8.430000
0.833149312969	-0.553048119323	8.440000
0.827577266832	-0.561351821419	8.450000
0.821922463658	-0.569599388801	8.460000
0.816185468923	-0.577789996718	8.470000
0.810366856321	-0.585922826117	8.480000
0.804467207708	-0.593997063722	8.490000
0.798487113045	-0.602011902116	8.500000
0.792427170336	-0.609966539821	8.510000
0.786287985571	-0.617860181380	8.520000
0.780070172662	-0.625692037436	8.530000
0.773774353386	-0.633461324810	8.540000
0.767401157320	-0.641167266579	8.550000
0.760951221777	-0.648809092156	8.560000
0.754425191746	-0.656386037364	8.570000
0.747823719825	-0.663897344516	8.580000
0.741147466155	-0.671342262486	8.590000
0.734397098356	-0.678720046790	8.600000
0.727573291459	-0.686029959654	8.610000
0.720676727840	-0.693271270094	8.620000
0.713708097148	-0.700443253985	8.630000
0.706668096241	-0.707545194135	8.640000
0.699557429114	-0.714576380354	8.650000
0.692376806826	-0.721536109531	8.660000
0.685126947435	-0.728423685698	8.670000
0.677808575920	-0.735238420104	8.680000
0.670422424112	-0.741979631281	8.690000
0.662969230621	-0.748646645112	8.700000
0.655449740759	-0.755238794903	8.710000
0.647864706469	-0.761755421444	8.720000
0.640214886249	-0.768195873078	8.730000
0.632501045073	-0.774559505764	8.740000
0.624723954320	-0.780845683145	8.750000
0.616884391692	-0.787053776609	8.760000
0.608983141139	-0.793183165351	8.770000
0.601020992779	-0.799233236438	8.780000
0.592998742821	-0.805203384866	8.790000
0.584917193483	-0.811093013628	8.800000
0.576777152913	-0.816901533764	8.810000
0.568579435108	-0.822628364427	8.820000
0.560324859834	-0.828272932939	8.830000
0.552014252540	-0.833834674849	8.840000
0.543648444282	-0.839313033985	8.850000
0.535228271632	-0.844707462518	8.860000
0.526754576601	-0.850017421009	8.870000
0.518228206551	-0.855242378465	8.880000
0.509650014112	-0.860381812397	8.890000
0.501020857097	-0.865435208864	8.900000
0.492341598413	-0.870402062532	8.910000
0.483613105980	-0.875281876719	8.920000
0.474836252639	-0.880074163447	8.930000
0.466011916069	-0.884778443493	8.940000
0.457140978696	-0.889394246431	8.950000
0.448224327605	-0.893921110686	8.960000
0.439262854456	-0.898358583575	8.970000
0.430257455387	-0.902706221354	8.980000
0.421209030931	-0.906963589264	8.990000
0.412118485923	-0.911130261570	9.000000
0.402986729409	-0.915205821609	9.010000
0.393814674559	-0.919189861829	9.020000
0.384603238569	-0.923081983829	9.030000
0.375353342576	-0.926881798399	9.040000
0.366065911562	-0.930588925563	9.050000
0.356741874261	-0.934202994609	9.060000
0.347382163071	-0.937723644134	9.070000
0.337987713953	-0.941150522076	9.080000
0.328559466346	-0.944483285750	9.090000
0.319098363066	-0.947721601883	9.100000
0.309605350216	-0.950865146646	9.110000
0.300081377088	-0.953913605686	9.120000
0.290527396073	-0.956866674160	9.130000
0.280944362560	-0.959724056765	9.140000
0.271333234846	-0.962485467763	9.150000
0.261694974034	-0.965150631017	9.160000
0.252030543942	-0.967719280012	9.170000
0.242340911007	-0.970191157886	9.180000
0.232627044182	-0.972566017452	9.190000
0.222889914846	-0.974843621227	9.200000
0.213130496705	-0.977023741452	9.210000
0.203349765692	-0.979106160118	9.220000
0.193548699871	-0.981090668983	9.230000
0.183728279342	-0.982977069599	9.240000
0.173889486138	-0.984765173327	9.250000
0.164033304131	-0.986454801358	9.260000
0.154160718929	-0.988045784732	9.270000
0.144272717785	-0.989537964350	9.280000
0.134370289488	-0.990931190997	9.290000
0.124454424275	-0.992225325350	9.300000
0.114526113723	-0.993420237997	9.310000
0.104586350655	-0.994515809449	9.320000
0.094636129040	-0.995511930148	9.330000
0.084676443890	-0.996408500484	9.340000
0.074708291166	-0.997205430801	9.350000
0.064732667675	-0.997902641405	9.360000
0.054750570972	-0.998500062576	9.370000
0.044762999257	-0.998997634574	9.380000
0.034770951280	-0.999395307641	9.390000
0.024775426236	-0.999693042009	9.400000
0.014777423671	-0.999890807907	9.410000
0.004777943375	-0.999988585557	9.420000
-0.005222014711	-0.999986365182	9.430000
-0.015221450600	-0.999884147003	9.440000
-0.025219364356	-0.999681941243	9.450000
-0.035214756197	-0.999379768123	9.460000
-0.045206626592	-0.998977657858	9.470000
-0.055193976362	-0.998475650660	9.480000
-0.065175806780	-0.997873796729	9.490000
-0.075151119672	-0.997172156249	9.500000
-0.085118917514	-0.996370799385	9.510000
-0.095078203536	-0.995469806272	9.520000
-0.105027981817	-0.994469267007	9.530000
-0.114967257386	-0.993369281645	9.540000
-0.124895036326	-0.992169960182	9.550000
-0.134810325867	-0.990871422550	9.560000
-0.144712134487	-0.989473798602	9.570000
-0.154599472014	-0.987977228098	9.580000
-0.164471349723	-0.986381860694	9.590000
-0.174326780434	-0.984687855927	9.600000
-0.184164778612	-0.982895383195	9.610000
-0.193984360466	-0.981004621743	9.620000
-0.203784544046	-0.979015760647	9.630000
-0.213564349341	-0.976928998790	9.640000
-0.223322798378	-0.974744544848	9.650000
-0.233058915323	-0.972462617264	9.660000
-0.242771726570	-0.970083444228	9.670000
-0.252460260846	-0.967607263656	9.680000
-0.262123549307	-0.965034323164	9.690000
-0.271760625631	-0.962364880044	9.700000
-0.281370526119	-0.959599201239	9.710000
-0.290952289790	-0.956737563312	9.720000
-0.300504958473	-0.953780252427	9.730000
-0.310027576911	-0.950727564311	9.740000
-0.319519192850	-0.947579804231	9.750000
-0.328978857136	-0.944337286960	9.760000
-0.338405623810	-0.941000336748	9.770000
-0.347798550204	-0.937569287286	9.780000
-0.357156697033	-0.934044481677	9.790000
-0.366479128490	-0.930426272398	9.800000
-0.375764912339	-0.926715021267	9.810000
-0.385013120010	-0.922911099406	9.820000
-0.394222826690	-0.919014887204	9.830000
-0.403393111416	-0.915026774280	9.840000
-0.412523057167	-0.910947159440	9.850000
-0.421611750955	-0.906776450644	9.860000
-0.430658283921	-0.902515064958	9.870000
-0.439661751416	-0.898163428518	9.880000
-0.448621253103	-0.893721976484	9.890000
-0.457535893039	-0.889191152997	9.900000
-0.466404779766	-0.884571411135	9.910000
-0.475227026404	-0.879863212870	9.920000
-0.484001750736	-0.875067029016	9.930000
-0.492728075295	-0.870183339189	9.940000
-0.501405127458	-0.865212631753	9.950000
-0.510032039526	-0.860155403775	9.960000
-0.518607948815	-0.855012160973	9.970000
-0.527131997742	-0.849783417668	9.980000
-0.535603333908	-0.844469696729	9.990000
-0.544021110186	-0.839071529524	10.000000
-0.552384484808	-0.833589455865	10.010000
-0.560692621441	-0.828024023956	10.020000
-0.568944689279	-0.822375790334	10.030000
-0.577139863122	-0.816645319819	10.040000
-0.585277323460	-0.810833185452	10.050000
-0.593356256553	-0.804939968442	10.060000
-0.601375854515	-0.798966258106	10.070000
-0.609335315393	-0.792912651810	10.080000
-0.617233843247	-0.786779754910	10.090000
-0.625070648232	-0.780568180690	10.100000
-0.632844946672	-0.774278550302	10.110000
-0.640555961145	-0.767911492705	10.120000
-0.648202920555	-0.761467644598	10.130000
-0.655785060214	-0.754947650361	10.140000
-0.663301621913	-0.748352161989	10.150000
-0.670751854003	-0.741681839023	10.160000
-0.678135011467	-0.734937348492	10.170000
-0.685450355994	-0.728119364839	10.180000
-0.692697156057	-0.721228569856	10.190000
-0.699874686981	-0.714265652617	10.200000
-0.706982231021	-0.707231309408	10.210000
-0.714019077426	-0.700126243657	10.220000
-0.720984522518	-0.692951165866	10.230000
-0.727877869759	-0.685706793535	10.240000
-0.734698429820	-0.678393851097	10.250000
-0.741445520650	-0.671013069838	10.260000
-0.748118467546	-0.663565187832	10.270000
-0.754716603218	-0.656050949860	10.280000
-0.761239267859	-0.648471107340	10.290000
-0.767685809208	-0.640826418249	10.300000
-0.774055582616	-0.633117647051	10.310000
-0.780347951110	-0.625345564616	10.320000
-0.786562285459	-0.617510948145	10.330000
-0.792697964236	-0.609614581094	10.340000
-0.798754373876	-0.601657253093	10.350000
-0.804730908745	-0.593639759868	10.360000
-0.810626971194	-0.585562903161	10.370000
-0.816441971621	-0.577427490653	10.380000
-0.822175328531	-0.569234335876	10.390000
-0.827826468594	-0.560984258141	10.400000
-0.833394826699	-0.552678082447	10.410000
-0.838879846016	-0.544316639405	10.420000
-0.844280978048	-0.535900765153	10.430000
-0.849597682686	-0.527431301271	10.440000
-0.854829428263	-0.518909094698	10.450000
-0.859975691610	-0.510334997649	10.460000
-0.865035958105	-0.501709867525	10.470000
-0.870009721724	-0.493034566832	10.480000
-0.874896485096	-0.484309963093	10.490000
-0.879695759549	-0.475536928762	10.500000
-0.884407065159	-0.466716341134	10.510000
-0.889029930800	-0.457849082261	10.520000
-0.893563894188	-0.448936038862	10.530000
-0.898008501932	-0.439978102232	10.540000
-0.902363309573	-0.430976168159	10.550000
-0.906627881636	-0.421931136829	10.560000
-0.910801791666	-0.412843912736	10.570000
-0.914884622276	-0.403715404596	10.580000
-0.918875965186	-0.394546525252	10.590000
-0.922775421266	-0.385338191584	10.600000
-0.926582600572	-0.376091324418	10.610000
-0.930297122390	-0.366806848434	10.620000
-0.933918615272	-0.357485692070	10.630000
-0.937446717070	-0.348128787434	10.640000
-0.940881074977	-0.338737070210	10.650000
-0.944221345562	-0.329311479562	10.660000
-0.947467194798	-0.319852958040	10.670000
-0.950618298105	-0.310362451488	10.680000
-0.953674340374	-0.300840908950	10.690000
-0.956635016003	-0.291289282572	10.700000
-0.959500028929	-0.281708527509	10.710000
-0.962269092651	-0.272099601827	10.720000
-0.964941930265	-0.262463466412	10.730000
-0.967518274491	-0.252801084869	10.740000
-0.969997867696	-0.243113423428	10.750000
-0.972380461922	-0.233401450848	10.760000
-0.974665818912	-0.223666138317	10.770000
-0.976853710133	-0.213908459358	10.780000
-0.978943916796	-0.204129389732	10.790000
-0.980936229884	-0.194329907337	10.800000
-0.982830450167	-0.184510992113	10.810000
-0.984626388223	-0.174673625944	10.820000
-0.986323864461	-0.164818792557	10.830000
-0.987922709134	-0.154947477429	10.840000
-0.989422762360	-0.145060667682	10.850000
-0.990823874134	-0.135159351989	10.860000
-0.992125904347	-0.125244520474	10.870000
-0.993328722796	-0.115317164611	10.880000
-0.994432209200	-0.105378277128	10.890000
-0.995436253212	-0.095428851904	10.900000
-0.996340754429	-0.085469883875	10.910000
-0.997145622400	-0.075502368929	10.920000
-0.997850776640	-0.065527303809	10.930000
-0.998456146633	-0.055545686014	10.940000
-0.998961671845	-0.045558513695	10.950000
-0.999367301721	-0.035566785564	10.960000
-0.999672995700	-0.025571500783	10.970000
-0.999878723213	-0.015573658874	10.980000
-0.999984463687	-0.005574259612	10.990000
-0.999990206547	0.004425697071	11.000000
-0.999895951220	0.014425211189	11.010000
-0.999701707132	0.024423282797	11.020000
-0.999407493705	0.034418912098	11.030000
-0.999013340363	0.044411099535	11.040000
-0.998519286518	0.054398845900	11.050000
-0.997925381578	0.064381152426	11.060000
-0.997231684930	0.074357020890	11.070000
-0.996438265946	0.084325453714	11.080000
-0.995545203965	0.094285454063	11.090000
-0.994552588293	0.104236025945	11.100000
-0.993460518191	0.114176174311	11.110000
-0.992269102865	0.124104905155	11.120000
-0.990978461456	0.134021225612	11.130000
-0.989588723027	0.143924144058	11.140000
-0.988100026550	0.153812670210	11.150000
-0.986512520893	0.163685815223	11.160000
-0.984826364807	0.173542591790	11.170000
-0.983041726905	0.183382014243	11.180000
-0.981158785650	0.193203098648	11.190000
-0.979177729333	0.203004862903	11.200000
-0.977098756060	0.212786326842	11.210000
-0.974922073725	0.222546512325	11.220000
-0.972647899995	0.232284443342	11.230000
-0.970276462286	0.241999146109	11.240000
-0.967807997740	0.251689649163	11.250000
-0.965242753200	0.261354983461	11.260000
-0.962580985189	0.270994182479	11.270000
-0.959822959881	0.280606282304	11.280000
-0.956968953078	0.290190321736	11.290000
-0.954019250177	0.299745342376	11.300000
-0.950974146146	0.309270388733	11.310000
-0.947833945492	0.318764508308	11.320000
-0.944598962234	0.328226751698	11.330000
-0.941269519867	0.337656172686	11.340000
-0.937845951333	0.347051828339	11.350000
-0.934328598984	0.356412779098	11.360000
-0.930717814555	0.365738088876	11.370000
-0.927013959120	0.375026825149	11.380000
-0.923217403061	0.384278059053	11.390000
-0.919328526031	0.393490865471	11.400000
-0.915347716915	0.402664323131	11.410000
-0.911275373790	0.411797514694	11.420000
-0.907111903887	0.420889526848	11.430000
-0.902857723550	0.429939450401	11.440000
-0.898513258192	0.438946380367	11.450000
-0.894078942258	0.447909416060	11.460000
-0.889555219174	0.456827661186	11.470000
-0.884942541310	0.465700223925	11.480000
-0.880241369929	0.474526217031	11.490000
-0.875452175145	0.483304757910	11.500000
-0.870575435872	0.492034968716	11.510000
-0.865611639782	0.500715976436	11.520000
-0.860561283249	0.509346912975	11.530000
-0.855424871305	0.517926915247	11.540000
-0.850202917586	0.526455125259	11.550000
-0.844895944285	0.534930690198	11.560000
-0.839504482093	0.543352762513	11.570000
-0.834029070152	0.551720500005	11.580000
-0.828470255999	0.560033065906	11.590000
-0.822828595511	0.568289628968	11.600000
-0.817104652850	0.576489363540	11.610000
-0.811299000404	0.584631449657	11.620000
-0.805412218734	0.592715073115	11.630000
-0.799444896513	0.600739425561	11.640000
-0.793397630469	0.608703704564	11.650000
-0.787271025323	0.616607113704	11.660000
-0.781065693731	0.624448862647	11.670000
-0.774782256220	0.632228167224	11.680000
-0.768421341129	0.639944249510	11.690000
-0.761983584544	0.647596337906	11.700000
-0.755469630236	0.655183667207	11.710000
-0.748880129595	0.662705478687	11.720000
-0.742215741564	0.670161020172	11.730000
-0.735477132578	0.677549546113	11.740000
-0.728664976492	0.684870317665	11.750000
-0.721779954515	0.692122602755	11.760000
-0.714822755144	0.699305676161	11.770000
-0.707794074094	0.706418819583	11.780000
-0.700694614225	0.713461321712	11.790000
-0.693525085480	0.720432478303	11.800000
-0.686286204804	0.727331592247	11.810000
-0.678978696079	0.734157973637	11.820000
-0.671603290050	0.740910939842	11.830000
-0.664160724252	0.747589815570	11.840000
-0.656651742935	0.754193932940	11.850000
-0.649077096991	0.760722631545	11.860000
-0.641437543879	0.767175258521	11.870000
-0.633733847546	0.773551168610	11.880000
-0.625966778357	0.779849724227	11.890000
-0.618137113011	0.786070295522	11.900000
-0.610245634470	0.792212260442	11.910000
-0.602293131873	0.798275004796	11.920000
-0.594280400466	0.804257922315	11.930000
-0.586208241513	0.810160414712	11.940000
-0.578077462225	0.815981891742	11.950000
-0.569888875672	0.821721771264	11.960000
-0.561643300707	0.827379479293	11.970000
-0.553341561879	0.832954450063	11.980000
-0.544984489357	0.838446126083	11.990000
-0.536572918840	0.843853958189	12.000000
-0.528107691478	0.849177405602	12.010000
-0.519589653787	0.854415935983	12.020000
-0.511019657564	0.859569025481	12.030000
-0.502398559800	0.864636158794	12.040000
-0.493727222600	0.869616829211	12.050000
-0.485006513088	0.874510538670	12.060000
-0.476237303330	0.879316797804	12.070000
-0.467420470238	0.884035125991	12.080000
-0.458556895488	0.888665051402	12.090000
-0.449647465431	0.893206111048	12.100000
-0.440693071003	0.897657850828	12.110000
-0.431694607634	0.902019825571	12.120000
-0.422652975165	0.906291599083	12.130000
-0.413569077750	0.910472744190	12.140000
-0.404443823772	0.914562842781	12.150000
-0.395278125748	0.918561485851	12.160000
-0.386072900242	0.922468273537	12.170000
-0.376829067767	0.926282815164	12.180000
-0.367547552699	0.930004729282	12.190000
-0.358229283183	0.933633643703	12.200000
-0.348875191037	0.937169195536	12.210000
-0.339486211662	0.940611031232	12.220000
-0.330063283949	0.943958806607	12.230000
-0.320607350183	0.947212186889	12.240000
-0.311119355949	0.950370846742	12.250000
-0.301600250038	0.953434470302	12.260000
-0.292050984354	0.956402751209	12.270000
-0.282472513815	0.959275392639	12.280000
-0.272865796260	0.962052107328	12.290000
-0.263231792352	0.964732617609	12.300000
-0.253571465485	0.967316655431	12.310000
-0.243885781683	0.969803962394	12.320000
-0.234175709505	0.972194289770	12.330000
-0.224442219952	0.974487398526	12.340000
-0.214686286364	0.976683059355	12.350000
-0.204908884326	0.978781052691	12.360000
-0.195110991570	0.980781168738	12.370000
-0.185293587878	0.982683207486	12.380000
-0.175457654982	0.984486978731	12.390000
-0.165604176466	0.986192302099	12.400000
-0.155734137670	0.987799007059	12.410000
-0.145848525591	0.989306932941	12.420000
-0.135948328781	0.990715928955	12.430000
-0.126034537251	0.992025854201	12.440000
-0.116108142372	0.993236577688	12.450000
-0.106170136776	0.994347978345	12.460000
-0.096221514254	0.995359945034	12.470000
-0.086263269662	0.996272376557	12.480000
-0.076296398814	0.997085181672	12.490000
-0.066321898390	0.997798279101	12.500000
-0.056340765831	0.998411597533	12.510000
-0.046353999243	0.998925075637	12.520000
-0.036362597294	0.999338662066	12.530000
-0.026367559115	0.999652315462	12.540000
-0.016369884202	0.999866004459	12.550000
-0.006370572314	0.999979707690	12.560000
0.003629376625	0.999993413782	12.570000
0.013628962630	0.999907121367	12.580000
0.023627185750	0.999720839073	12.590000
0.033623046171	0.999434585528	12.600000
0.043615544316	0.999048389357	12.610000
0.053603680942	0.998562289180	12.620000
0.063586457246	0.997976333606	12.630000
0.073562874956	0.997290581230	12.640000
0.083531936440	0.996505100628	12.650000
0.093492644800	0.995619970345	12.660000
0.103444003974	0.994635278896	12.670000
0.113385018833	0.993551124747	12.680000
0.123314695285	0.992367616314	12.690000
0.133232040370	0.991084871947	12.700000
0.143136062362	0.989703019918	12.710000
0.153025770867	0.988222198411	12.720000
0.162900176923	0.986642555509	12.730000
0.172758293097	0.984964249173	12.740000
0.182599133585	0.983187447233	12.750000
0.192421714312	0.981312327368	12.760000
0.202225053028	0.979339077087	12.770000
0.212008169407	0.977267893715	12.780000
0.221770085146	0.975098984368	12.790000
0.231509824062	0.972832565936	12.800000
0.241226412188	0.970468865057	12.810000
0.250918877873	0.968008118101	12.820000
0.260586251880	0.965450571139	12.830000
0.270227567479	0.962796479925	12.840000
0.279841860547	0.960046109866	12.850000
0.289428169661	0.957199735995	12.860000
0.298985536200	0.954257642948	12.870000
0.308513004434	0.951220124933	12.880000
0.318009621625	0.948087485697	12.890000
0.327474438119	0.944860038503	12.900000
0.336906507442	0.941538106093	12.910000
0.346304886395	0.938122020657	12.920000
0.355668635148	0.934612123800	12.930000
0.364996817334	0.931008766510	12.940000
0.374288500142	0.927312309119	12.950000
0.383542754412	0.923523121270	12.960000
0.392758654726	0.919641581878	12.970000
0.401935279502	0.915668079095	12.980000
0.411071711085	0.911603010267	12.990000
0.420167035840	0.907446781897	13.000000
0.429220344241	0.903199809606	13.010000
0.438230730965	0.898862518086	13.020000
0.447197294982	0.894435341063	13.030000
0.456119139641	0.889918721252	13.040000
0.464995372767	0.885313110310	13.050000
0.473825106743	0.880618968795	13.060000
0.482607458604	0.875836766117	13.070000
0.491341550120	0.870966980492	13.080000
0.500026507891	0.866010098895	13.090000
0.508661463428	0.860966617010	13.100000
0.517245553242	0.855837039180	13.110000
0.525777918932	0.850621878360	13.120000
0.534257707269	0.845321656061	13.130000
0.542684070280	0.839936902301	13.140000
0.551056165336	0.834468155550	13.150000
0.559373155235	0.828915962679	13.160000
0.567634208284	0.823280878903	13.170000
0.575838498386	0.817563467725	13.180000
0.583985205118	0.811764300881	13.190000
0.592073513815	0.805883958284	13.200000
0.600102615655	0.799923027963	13.210000
0.608071707734	0.793882106005	13.220000
0.615979993148	0.787761796499	13.230000
0.623826681076	0.781562711469	13.240000
0.631610986856	0.775285470820	13.250000
0.639332132064	0.768930702269	13.260000
0.646989344592	0.762499041289	13.270000
0.654581858724	0.755991131040	13.280000
0.662108915215	0.749407622308	13.290000
0.669569761367	0.742749173439	13.300000
0.676963651101	0.736016450271	13.310000
0.684289845034	0.729210126071	13.320000
0.691547610552	0.722330881467	13.330000
0.698736221886	0.715379404376	13.340000
0.705854960180	0.708356389941	13.350000
0.712903113566	0.701262540458	13.360000
0.719879977235	0.694098565304	13.370000
0.726784853506	0.686865180873	13.380000
0.733617051897	0.679563110496	13.390000
0.740375889195	0.672193084374	13.400000
0.747060689521	0.664755839504	13.410000
0.753670784400	0.657252119604	13.420000
0.760205512829	0.649682675039	13.430000
0.766664221340	0.642048262749	13.440000
0.773046264067	0.634349646167	13.450000
0.779351002813	0.626587595150	13.460000
0.785577807108	0.618762885895	13.470000
0.791726054277	0.610876300867	13.480000
0.797795129500	0.602928628718	13.490000
0.803784425875	0.594920664209	13.500000
0.809693344477	0.586853208129	13.510000
0.815521294420	0.578727067217	13.520000
0.821267692912	0.570543054081	13.530000
0.826931965320	0.562301987114	13.540000
0.832513545221	0.554004690418	13.550000
0.838011874460	0.545651993715	13.560000
0.843426403211	0.537244732266	13.570000
0.848756590024	0.528783746792	13.580000
0.854001901886	0.520269883385	13.590000
0.859161814268	0.511703993422	13.600000
0.864235811186	0.503086933486	13.610000
0.869223385243	0.494419565277	13.620000
0.874124037685	0.485702755523	13.630000
0.878937278452	0.476937375898	13.640000
0.883662626224	0.468124302933	13.650000
0.888299608469	0.459264417928	13.660000
0.892847761494	0.450358606863	13.670000
0.897306630487	0.441407760314	13.680000
0.901675769565	0.432412773356	13.690000
0.905954741817	0.423374545481	13.700000
0.910143119349	0.414293980504	13.710000
0.914240483329	0.405171986475	13.720000
0.918246424021	0.396009475585	13.730000
0.922160540837	0.386807364077	13.740000
0.925982442367	0.377566572155	13.750000
0.929711746425	0.368288023890	13.760000
0.933348080082	0.358972647130	13.770000
0.936891079710	0.349621373404	13.780000
0.940340391010	0.340235137833	13.790000
0.943695669055	0.330814879031	13.800000
0.946956578319	0.321361539017	13.810000
0.950122792714	0.311876063117	13.820000
0.953193995623	0.302359399870	13.830000
0.956169879925	0.292812500936	13.840000
0.959050148037	0.283236320995	13.850000
0.961834511933	0.273631817658	13.860000
0.964522693180	0.263999951368	13.870000
0.967114422961	0.254341685302	13.880000
0.969609442105	0.244657985280	13.890000
0.972007501113	0.234949819663	13.900000
0.974308360182	0.225218159260	13.910000
0.976511789226	0.215463977229	13.920000
0.978617567905	0.205688248980	13.930000
0.980625485643	0.195891952077	13.940000
0.982535341649	0.186076066142	13.950000
0.984346944940	0.176241572756	13.960000
0.986060114357	0.166389455359	13.970000
0.987674678584	0.156520699155	13.980000
0.989190476167	0.146636291012	13.990000
0.990607355526	0.136737219362	14.000000
0.991925174975	0.126824474104	14.010000
0.993143802733	0.116899046504	14.020000
0.994263116939	0.106961929097	14.030000
0.995283005661	0.097014115587	14.040000
0.996203366912	0.087056600745	14.050000
0.997024108657	0.077090380316	14.060000
0.997745148822	0.067116450913	14.070000
0.998366415303	0.057135809921	14.080000
0.998887845975	0.047149455396	14.090000
0.999309388694	0.037158385965	14.100000
0.999631001308	0.027163600725	14.110000
0.999852651654	0.017166099149	14.120000
0.999974317569	0.007166880977	14.130000
0.999995986885	-0.002833053878	14.140000
0.999917657436	-0.012832705429	14.150000
0.999739337054	-0.022831073721	14.160000
0.999461043572	-0.032827158924	14.170000
0.999082804818	-0.042819961438	14.180000
0.998604658616	-0.052808481993	14.190000
0.998026652781	-0.062791721743	14.200000
0.997348845112	-0.072768682373	14.210000
0.996571303390	-0.082738366195	14.220000
0.995694105367	-0.092699776250	14.230000
0.994717338764	-0.102651916404	14.240000
0.993641101257	-0.112593791453	14.250000
0.992465500467	-0.122524407216	14.260000
0.991190653954	-0.132442770640	14.270000
0.989816689201	-0.142347889898	14.280000
0.988343743605	-0.152238774485	14.290000
0.986771964458	-0.162114435322	14.300000
0.985101508937	-0.171973884851	14.310000
0.983332544086	-0.181816137134	14.320000
0.981465246799	-0.191640207955	14.330000
0.979499803807	-0.201445114915	14.340000
0.977436411650	-0.211229877531	14.350000
0.975275276666	-0.220993517336	14.360000
0.973016614967	-0.230735057973	14.370000
0.970660652418	-0.240453525296	14.380000
0.968207624613	-0.250147947467	14.390000
0.965657776851	-0.259817355052	14.400000
0.963011364117	-0.269460781118	14.410000
0.960268651049	-0.279077261331	14.420000
0.957429911916	-0.288665834050	14.430000
0.954495430590	-0.298225540426	14.440000
0.951465500516	-0.307755424497	14.450000
0.948340424685	-0.317254533281	14.460000
0.945120515602	-0.326721916877	14.470000
0.941806095255	-0.336156628553	14.480000
0.938397495083	-0.345557724847	14.490000
0.934895055944	-0.354924265656	14.500000
0.931299128078	-0.364255314334	14.510000
0.927610071076	-0.373549937784	14.520000
0.923828253839	-0.382807206552	14.530000
0.919954054547	-0.392026194918	14.540000
0.915987860616	-0.401205980991	14.550000
0.911930068663	-0.410345646801	14.560000
0.907781084462	-0.419444278388	14.570000
0.903541322910	-0.428500965897	14.580000
0.899211207978	-0.437514803666	14.590000
0.894791172675	-0.446484890319	14.600000
0.890281659000	-0.455410328856	14.610000
0.885683117901	-0.464290226739	14.620000
0.880996009228	-0.473123695986	14.630000
0.876220801689	-0.481909853258	14.640000
0.871357972800	-0.490647819946	14.650000
0.866408008839	-0.499336722261	14.660000
0.861371404800	-0.507975691320	14.670000
0.856248664338	-0.516563863233	14.680000
0.851040299723	-0.525100379191	14.690000
0.845746831788	-0.533584385548	14.700000
0.840368789874	-0.542015033911	14.710000
0.834906711781	-0.550391481222	14.720000
0.829361143713	-0.558712889844	14.730000
0.823732640222	-0.566978427643	14.740000
0.818021764153	-0.575187268071	14.750000
0.812229086590	-0.583338590252	14.760000
0.806355186794	-0.591431579060	14.770000
0.800400652152	-0.599465425203	14.780000
0.794366078112	-0.607439325303	14.790000
0.788252068126	-0.615352481976	14.800000
0.782059233590	-0.623204103914	14.810000
0.775788193783	-0.630993405962	14.820000
0.769439575802	-0.638719609194	14.830000
0.763014014505	-0.646381940998	14.840000
0.756512152443	-0.653979635146	14.850000
0.749934639795	-0.661511931876	14.860000
0.743282134309	-0.668978077964	14.870000
0.736555301229	-0.676377326801	14.880000
0.729754813232	-0.683708938470	14.890000
0.722881350362	-0.690972179814	14.900000
0.715935599960	-0.698166324517	14.910000
0.708918256594	-0.705290653168	14.920000
0.701830021993	-0.712344453343	14.930000
0.694671604975	-0.719327019665	14.940000
0.687443721376	-0.726237653885	14.950000
0.680147093977	-0.733075664945	14.960000
0.672782452436	-0.739840369049	14.970000
0.665350533209	-0.746531089732	14.980000
0.657852079485	-0.753147157929	14.990000
0.650287841100	-0.759687912038	15.000000
