x1	x2	t
0.000000	1.000000	0.000000
0.0100000000	0.9999000000	0.010000
0.0199990000	0.9997000100	0.020000
0.0299960001	0.9994000500	0.030000
0.0399900006	0.9990001500	0.040000
0.0499800021	0.9985003500	0.050000
0.0599650056	0.9979006999	0.060000
0.0699440126	0.9972012598	0.070000
0.0799160252	0.9964020995	0.080000
0.0898800462	0.9955032991	0.090000
0.0998350792	0.9945049483	0.100000
0.1097801287	0.9934071470	0.110000
0.1197142001	0.9922100050	0.120000
0.1296363002	0.9909136420	0.130000
0.1395454366	0.9895181876	0.140000
0.1494406185	0.9880237814	0.150000
0.1593208563	0.9864305729	0.160000
0.1691851620	0.9847387213	0.170000
0.1790325492	0.9829483958	0.180000
0.1888620332	0.9810597754	0.190000
0.1986726309	0.9790730491	0.200000
0.2084633614	0.9769884155	0.210000
0.2182332456	0.9748060831	0.220000
0.2279813064	0.9725262700	0.230000
0.2377065691	0.9701492043	0.240000
0.2474080612	0.9676751237	0.250000
0.2570848124	0.9651042756	0.260000
0.2667358552	0.9624369170	0.270000
0.2763602243	0.9596733148	0.280000
0.2859569575	0.9568137452	0.290000
0.2955250949	0.9538584942	0.300000
0.3050636799	0.9508078574	0.310000
0.3145717584	0.9476621399	0.320000
0.3240483798	0.9444216561	0.330000
0.3334925964	0.9410867301	0.340000
0.3429034637	0.9376576955	0.350000
0.3522800407	0.9341348951	0.360000
0.3616213896	0.9305186812	0.370000
0.3709265764	0.9268094154	0.380000
0.3801946706	0.9230074687	0.390000
0.3894247453	0.9191132212	0.400000
0.3986158775	0.9151270625	0.410000
0.4077671481	0.9110493910	0.420000
0.4168776420	0.9068806146	0.430000
0.4259464482	0.9026211501	0.440000
0.4349726597	0.8982714235	0.450000
0.4439553739	0.8938318697	0.460000
0.4528936926	0.8893029328	0.470000
0.4617867219	0.8846850656	0.480000
0.4706335726	0.8799787299	0.490000
0.4794333599	0.8751843963	0.500000
0.4881852038	0.8703025442	0.510000
0.4968882293	0.8653336619	0.520000
0.5055415659	0.8602782463	0.530000
0.5141443484	0.8551368028	0.540000
0.5226957164	0.8499098456	0.550000
0.5311948148	0.8445978975	0.560000
0.5396407938	0.8392014896	0.570000
0.5480328087	0.8337211615	0.580000
0.5563700203	0.8281574613	0.590000
0.5646515949	0.8225109453	0.600000
0.5728767044	0.8167821783	0.610000
0.5810445262	0.8109717330	0.620000
0.5891542435	0.8050801906	0.630000
0.5972050454	0.7991081401	0.640000
0.6051961268	0.7930561788	0.650000
0.6131266886	0.7869249120	0.660000
0.6209959377	0.7807149526	0.670000
0.6288030873	0.7744269217	0.680000
0.6365473565	0.7680614481	0.690000
0.6442279709	0.7616191684	0.700000
0.6518441626	0.7551007268	0.710000
0.6593951699	0.7485067751	0.720000
0.6668802377	0.7418379727	0.730000
0.6742986174	0.7350949866	0.740000
0.6816495672	0.7282784909	0.750000
0.6889323522	0.7213891674	0.760000
0.6961462438	0.7144277049	0.770000
0.7032905209	0.7073947997	0.780000
0.7103644689	0.7002911550	0.790000
0.7173673804	0.6931174812	0.800000
0.7242985552	0.6858744957	0.810000
0.7311573002	0.6785629227	0.820000
0.7379429294	0.6711834934	0.830000
0.7446547644	0.6637369457	0.840000
0.7512921338	0.6562240244	0.850000
0.7578543741	0.6486454807	0.860000
0.7643408289	0.6410020724	0.870000
0.7707508496	0.6332945639	0.880000
0.7770837952	0.6255237259	0.890000
0.7833390325	0.6176903356	0.900000
0.7895159358	0.6097951762	0.910000
0.7956138876	0.6018390374	0.920000
0.8016322780	0.5938227146	0.930000
0.8075705051	0.5857470095	0.940000
0.8134279752	0.5776127298	0.950000
0.8192041025	0.5694206888	0.960000
0.8248983094	0.5611717057	0.970000
0.8305100265	0.5528666054	0.980000
0.8360386925	0.5445062185	0.990000
0.8414837547	0.5360913809	1.000000
0.8468446685	0.5276229342	1.010000
0.8521208978	0.5191017253	1.020000
0.8573119151	0.5105286061	1.030000
0.8624172012	0.5019044341	1.040000
0.8674362455	0.4932300716	1.050000
0.8723685462	0.4845063862	1.060000
0.8772136101	0.4757342501	1.070000
0.8819709526	0.4669145406	1.080000
0.8866400980	0.4580481396	1.090000
0.8912205794	0.4491359338	1.100000
0.8957119387	0.4401788144	1.110000
0.9001137269	0.4311776771	1.120000
0.9044255036	0.4221334221	1.130000
0.9086468379	0.4130469537	1.140000
0.9127773074	0.4039191806	1.150000
0.9168164992	0.3947510156	1.160000
0.9207640094	0.3855433755	1.170000
0.9246194431	0.3762971811	1.180000
0.9283824149	0.3670133570	1.190000
0.9320525485	0.3576928315	1.200000
0.9356294768	0.3483365367	1.210000
0.9391128422	0.3389454083	1.220000
0.9425022963	0.3295203853	1.230000
0.9457975001	0.3200624103	1.240000
0.9489981242	0.3105724291	1.250000
0.9521038485	0.3010513906	1.260000
0.9551143624	0.2915002470	1.270000
0.9580293649	0.2819199533	1.280000
0.9608485644	0.2723114677	1.290000
0.9635716791	0.2626757509	1.300000
0.9661984366	0.2530137665	1.310000
0.9687285743	0.2433264808	1.320000
0.9711618391	0.2336148624	1.330000
0.9734979877	0.2238798825	1.340000
0.9757367865	0.2141225147	1.350000
0.9778780117	0.2043437345	1.360000
0.9799214490	0.1945445200	1.370000
0.9818668942	0.1847258511	1.380000
0.9837141527	0.1748887096	1.390000
0.9854630398	0.1650340792	1.400000
0.9871133806	0.1551629454	1.410000
0.9886650101	0.1452762953	1.420000
0.9901177730	0.1353751175	1.430000
0.9914715242	0.1254604023	1.440000
0.9927261282	0.1155331410	1.450000
0.9938814596	0.1055943264	1.460000
0.9949374029	0.0956449524	1.470000
0.9958938524	0.0856860139	1.480000
0.9967507126	0.0757185067	1.490000
0.9975078976	0.0657434278	1.500000
0.9981653319	0.0557617744	1.510000
0.9987229496	0.0457745449	1.520000
0.9991806951	0.0357827380	1.530000
0.9995385225	0.0257873528	1.540000
0.9997963960	0.0157893888	1.550000
0.9999542899	0.0057898459	1.560000
1.0000121884	-0.0042102760	1.570000
0.9999700856	-0.0142099768	1.580000
0.9998279858	-0.0242082567	1.590000
0.9995859033	-0.0342041157	1.600000
0.9992438621	-0.0441965543	1.610000
0.9988018966	-0.0541845733	1.620000
0.9982600508	-0.0641671738	1.630000
0.9976183791	-0.0741433576	1.640000
0.9968769455	-0.0841121271	1.650000
0.9960358242	-0.0940724853	1.660000
0.9950950994	-0.1040234363	1.670000
0.9940548650	-0.1139639849	1.680000
0.9929152252	-0.1238931372	1.690000
0.9916762938	-0.1338099001	1.700000
0.9903381948	-0.1437132821	1.710000
0.9889010620	-0.1536022927	1.720000
0.9873650391	-0.1634759431	1.730000
0.9857302796	-0.1733332459	1.740000
0.9839969472	-0.1831732154	1.750000
0.9821652150	-0.1929948675	1.760000
0.9802352663	-0.2027972202	1.770000
0.9782072941	-0.2125792931	1.780000
0.9760815012	-0.2223401081	1.790000
0.9738581001	-0.2320786891	1.800000
0.9715373132	-0.2417940623	1.810000
0.9691193726	-0.2514852560	1.820000
0.9666045200	-0.2611513012	1.830000
0.9639930070	-0.2707912313	1.840000
0.9612850947	-0.2804040822	1.850000
0.9584810539	-0.2899888927	1.860000
0.9555811650	-0.2995447044	1.870000
0.9525857179	-0.3090705616	1.880000
0.9494950123	-0.3185655117	1.890000
0.9463093572	-0.3280286053	1.900000
0.9430290711	-0.3374588960	1.910000
0.9396544822	-0.3468554408	1.920000
0.9361859278	-0.3562173001	1.930000
0.9326237548	-0.3655435376	1.940000
0.9289683194	-0.3748332208	1.950000
0.9252199872	-0.3840854207	1.960000
0.9213791330	-0.3932992120	1.970000
0.9174461409	-0.4024736734	1.980000
0.9134214041	-0.4116078875	1.990000
0.9093053253	-0.4207009407	2.000000
0.9050983158	-0.4297519239	2.010000
0.9008007966	-0.4387599318	2.020000
0.8964131973	-0.4477240638	2.030000
0.8919359566	-0.4566434234	2.040000
0.8873695224	-0.4655171186	2.050000
0.8827143512	-0.4743442621	2.060000
0.8779709086	-0.4831239712	2.070000
0.8731396689	-0.4918553679	2.080000
0.8682211152	-0.5005375791	2.090000
0.8632157394	-0.5091697364	2.100000
0.8581240421	-0.5177509769	2.110000
0.8529465323	-0.5262804422	2.120000
0.8476837279	-0.5347572795	2.130000
0.8423361551	-0.5431806410	2.140000
0.8369043487	-0.5515496845	2.150000
0.8313888518	-0.5598635730	2.160000
0.8257902161	-0.5681214752	2.170000
0.8201090013	-0.5763225652	2.180000
0.8143457757	-0.5844660230	2.190000
0.8085011155	-0.5925510341	2.200000
0.8025756051	-0.6005767902	2.210000
0.7965698372	-0.6085424885	2.220000
0.7904844123	-0.6164473327	2.230000
0.7843199390	-0.6242905320	2.240000
0.7780770337	-0.6320713024	2.250000
0.7717563207	-0.6397888656	2.260000
0.7653584320	-0.6474424499	2.270000
0.7588840075	-0.6550312900	2.280000
0.7523336946	-0.6625546269	2.290000
0.7457081483	-0.6700117084	2.300000
0.7390080313	-0.6774017887	2.310000
0.7322340134	-0.6847241289	2.320000
0.7253867721	-0.6919779966	2.330000
0.7184669921	-0.6991626665	2.340000
0.7114753654	-0.7062774202	2.350000
0.7044125912	-0.7133215461	2.360000
0.6972793758	-0.7202943398	2.370000
0.6900764324	-0.7271951041	2.380000
0.6828044813	-0.7340231490	2.390000
0.6754642499	-0.7407777915	2.400000
0.6680564719	-0.7474583562	2.410000
0.6605818884	-0.7540641751	2.420000
0.6530412466	-0.7605945875	2.430000
0.6454353008	-0.7670489405	2.440000
0.6377648113	-0.7734265887	2.450000
0.6300305455	-0.7797268941	2.460000
0.6222332765	-0.7859492269	2.470000
0.6143737842	-0.7920929647	2.480000
0.6064528546	-0.7981574933	2.490000
0.5984712797	-0.8041422061	2.500000
0.5904298576	-0.8100465046	2.510000
0.5823293926	-0.8158697986	2.520000
0.5741706946	-0.8216115055	2.530000
0.5659545795	-0.8272710513	2.540000
0.5576818690	-0.8328478700	2.550000
0.5493533903	-0.8383414039	2.560000
0.5409699763	-0.8437511037	2.570000
0.5325324652	-0.8490764283	2.580000
0.5240417010	-0.8543168453	2.590000
0.5154985325	-0.8594718306	2.600000
0.5069038142	-0.8645408688	2.610000
0.4982584055	-0.8695234528	2.620000
0.4895631710	-0.8744190845	2.630000
0.4808189801	-0.8792272744	2.640000
0.4720267074	-0.8839475414	2.650000
0.4631872320	-0.8885794137	2.660000
0.4543014378	-0.8931224281	2.670000
0.4453702136	-0.8975761303	2.680000
0.4363944523	-0.9019400748	2.690000
0.4273750515	-0.9062138253	2.700000
0.4183129132	-0.9103969544	2.710000
0.4092089437	-0.9144890439	2.720000
0.4000640533	-0.9184896844	2.730000
0.3908791564	-0.9223984760	2.740000
0.3816551717	-0.9262150277	2.750000
0.3723930214	-0.9299389579	2.760000
0.3630936318	-0.9335698942	2.770000
0.3537579329	-0.9371074735	2.780000
0.3443868581	-0.9405513421	2.790000
0.3349813447	-0.9439011556	2.800000
0.3255423332	-0.9471565789	2.810000
0.3160707674	-0.9503172866	2.820000
0.3065675945	-0.9533829625	2.830000
0.2970337649	-0.9563533002	2.840000
0.2874702319	-0.9592280025	2.850000
0.2778779518	-0.9620067820	2.860000
0.2682578840	-0.9646893608	2.870000
0.2586109904	-0.9672754707	2.880000
0.2489382357	-0.9697648531	2.890000
0.2392405872	-0.9721572590	2.900000
0.2295190146	-0.9744524491	2.910000
0.2197744901	-0.9766501940	2.920000
0.2100079882	-0.9787502739	2.930000
0.2002204854	-0.9807524788	2.940000
0.1904129606	-0.9826566084	2.950000
0.1805863945	-0.9844624723	2.960000
0.1707417698	-0.9861698900	2.970000
0.1608800709	-0.9877786907	2.980000
0.1510022840	-0.9892887136	2.990000
0.1411093969	-0.9906998075	3.000000
0.1312023988	-0.9920118315	3.010000
0.1212822805	-0.9932246543	3.020000
0.1113500339	-0.9943381547	3.030000
0.1014066524	-0.9953522212	3.040000
0.0914531302	-0.9962667525	3.050000
0.0814904627	-0.9970816571	3.060000
0.0715196461	-0.9977968536	3.070000
0.0615416776	-0.9984122703	3.080000
0.0515575549	-0.9989278459	3.090000
0.0415682764	-0.9993435287	3.100000
0.0315748411	-0.9996592771	3.110000
0.0215782483	-0.9998750596	3.120000
0.0115794977	-0.9999908545	3.130000
0.0015795892	-1.0000066504	3.140000
-0.0084204773	-0.9999224457	3.150000
-0.0184197018	-0.9997382486	3.160000
-0.0284170842	-0.9994540778	3.170000
-0.0384116250	-0.9990699615	3.180000
-0.0484023246	-0.9985859383	3.190000
-0.0583881840	-0.9980020565	3.200000
-0.0683682046	-0.9973183744	3.210000
-0.0783413883	-0.9965349605	3.220000
-0.0883067379	-0.9956518931	3.230000
-0.0982632569	-0.9946692606	3.240000
-0.1082099495	-0.9935871611	3.250000
-0.1181458211	-0.9924057029	3.260000
-0.1280698781	-0.9911250041	3.270000
-0.1379811282	-0.9897451928	3.280000
-0.1478785801	-0.9882664070	3.290000
-0.1577612442	-0.9866887946	3.300000
-0.1676281321	-0.9850125132	3.310000
-0.1774782572	-0.9832377307	3.320000
-0.1873106345	-0.9813646243	3.330000
-0.1971242808	-0.9793933815	3.340000
-0.2069182146	-0.9773241994	3.350000
-0.2166914566	-0.9751572848	3.360000
-0.2264430294	-0.9728928545	3.370000
-0.2361719580	-0.9705311349	3.380000
-0.2458772693	-0.9680723622	3.390000
-0.2555579930	-0.9655167823	3.400000
-0.2652131608	-0.9628646507	3.410000
-0.2748418073	-0.9601162326	3.420000
-0.2844429696	-0.9572718029	3.430000
-0.2940156876	-0.9543316461	3.440000
-0.3035590041	-0.9512960560	3.450000
-0.3130719647	-0.9481653364	3.460000
-0.3225536180	-0.9449398002	3.470000
-0.3320030160	-0.9416197700	3.480000
-0.3414192137	-0.9382055779	3.490000
-0.3508012695	-0.9346975652	3.500000
-0.3601482452	-0.9310960827	3.510000
-0.3694592060	-0.9274014907	3.520000
-0.3787332209	-0.9236141585	3.530000
-0.3879693625	-0.9197344649	3.540000
-0.3971667071	-0.9157627978	3.550000
-0.4063243351	-0.9116995544	3.560000
-0.4154413307	-0.9075451411	3.570000
-0.4245167821	-0.9032999733	3.580000
-0.4335497818	-0.8989644755	3.590000
-0.4425394266	-0.8945390812	3.600000
-0.4514848174	-0.8900242330	3.610000
-0.4603850597	-0.8854203824	3.620000
-0.4692392635	-0.8807279898	3.630000
-0.4780465434	-0.8759475244	3.640000
-0.4868060187	-0.8710794642	3.650000
-0.4955168133	-0.8661242961	3.660000
-0.5041780563	-0.8610825155	3.670000
-0.5127888814	-0.8559546267	3.680000
-0.5213484277	-0.8507411424	3.690000
-0.5298558391	-0.8454425840	3.700000
-0.5383102649	-0.8400594814	3.710000
-0.5467108598	-0.8345923728	3.720000
-0.5550567835	-0.8290418049	3.730000
-0.5633472015	-0.8234083329	3.740000
-0.5715812849	-0.8176925201	3.750000
-0.5797582101	-0.8118949380	3.760000
-0.5878771594	-0.8060161664	3.770000
-0.5959373211	-0.8000567932	3.780000
-0.6039378890	-0.7940174143	3.790000
-0.6118780632	-0.7878986336	3.800000
-0.6197570495	-0.7817010631	3.810000
-0.6275740602	-0.7754253225	3.820000
-0.6353283134	-0.7690720394	3.830000
-0.6430190338	-0.7626418491	3.840000
-0.6506454523	-0.7561353945	3.850000
-0.6582068062	-0.7495533265	3.860000
-0.6657023395	-0.7428963031	3.870000
-0.6731313025	-0.7361649901	3.880000
-0.6804929524	-0.7293600605	3.890000
-0.6877865530	-0.7224821950	3.900000
-0.6950113750	-0.7155320813	3.910000
-0.7021666958	-0.7085104143	3.920000
-0.7092517999	-0.7014178963	3.930000
-0.7162659789	-0.6942552365	3.940000
-0.7232085312	-0.6870231512	3.950000
-0.7300787628	-0.6797223636	3.960000
-0.7368759864	-0.6723536037	3.970000
-0.7435995224	-0.6649176085	3.980000
-0.7502486985	-0.6574151215	3.990000
-0.7568228497	-0.6498468930	4.000000
-0.7633213187	-0.6422136798	4.010000
-0.7697434555	-0.6345162453	4.020000
-0.7760886179	-0.6267553591	4.030000
-0.7823561715	-0.6189317974	4.040000
-0.7885454895	-0.6110463425	4.050000
-0.7946559529	-0.6030997829	4.060000
-0.8006869507	-0.5950929134	4.070000
-0.8066378799	-0.5870265346	4.080000
-0.8125081452	-0.5789014532	4.090000
-0.8182971597	-0.5707184816	4.100000
-0.8240043446	-0.5624784381	4.110000
-0.8296291289	-0.5541821469	4.120000
-0.8351709504	-0.5458304374	4.130000
-0.8406292548	-0.5374241448	4.140000
-0.8460034962	-0.5289641098	4.150000
-0.8512931373	-0.5204511785	4.160000
-0.8564976491	-0.5118862020	4.170000
-0.8616165111	-0.5032700369	4.180000
-0.8666492115	-0.4946035448	4.190000
-0.8715952469	-0.4858875923	4.200000
-0.8764541229	-0.4771230511	4.210000
-0.8812253534	-0.4683107975	4.220000
-0.8859084614	-0.4594517129	4.230000
-0.8905029785	-0.4505466831	4.240000
-0.8950084453	-0.4415965987	4.250000
-0.8994244113	-0.4326023546	4.260000
-0.9037504349	-0.4235648502	4.270000
-0.9079860834	-0.4144849894	4.280000
-0.9121309332	-0.4053636800	4.290000
-0.9161845700	-0.3962018343	4.300000
-0.9201465884	-0.3870003685	4.310000
-0.9240165921	-0.3777602025	4.320000
-0.9277941941	-0.3684822606	4.330000
-0.9314790167	-0.3591674704	4.340000
-0.9350706914	-0.3498167635	4.350000
-0.9385688590	-0.3404310749	4.360000
-0.9419731698	-0.3310113432	4.370000
-0.9452832832	-0.3215585104	4.380000
-0.9484988683	-0.3120735217	4.390000
-0.9516196035	-0.3025573257	4.400000
-0.9546451768	-0.2930108739	4.410000
-0.9575752855	-0.2834351211	4.420000
-0.9604096368	-0.2738310247	4.430000
-0.9631479470	-0.2641995452	4.440000
-0.9657899425	-0.2545416458	4.450000
-0.9683353589	-0.2448582922	4.460000
-0.9707839418	-0.2351504528	4.470000
-0.9731354464	-0.2254190983	4.480000
-0.9753896373	-0.2156652019	4.490000
-0.9775462894	-0.2058897391	4.500000
-0.9796051868	-0.1960936872	4.510000
-0.9815661236	-0.1862780259	4.520000
-0.9834289039	-0.1764437369	4.530000
-0.9851933413	-0.1665918035	4.540000
-0.9868592593	-0.1567232109	4.550000
-0.9884264914	-0.1468389460	4.560000
-0.9898948809	-0.1369399972	4.570000
-0.9912642808	-0.1270273544	4.580000
-0.9925345544	-0.1171020088	4.590000
-0.9937055745	-0.1071649531	4.600000
-0.9947772240	-0.0972171808	4.610000
-0.9957493958	-0.0872596869	4.620000
-0.9966219927	-0.0772934670	4.630000
-0.9973949273	-0.0673195177	4.640000
-0.9980681225	-0.0573388365	4.650000
-0.9986415109	-0.0473524214	4.660000
-0.9991150351	-0.0373612710	4.670000
-0.9994886478	-0.0273663845	4.680000
-0.9997623117	-0.0173687614	4.690000
-0.9999359993	-0.0073694014	4.700000
-1.0000096933	0.0026306955	4.710000
-0.9999833863	0.0126305294	4.720000
-0.9998570810	0.0226291002	4.730000
-0.9996307900	0.0326254081	4.740000
-0.9993045359	0.0426184535	4.750000
-0.9988783514	0.0526072370	4.760000
-0.9983522790	0.0625907598	4.770000
-0.9977263714	0.0725680235	4.780000
-0.9970006912	0.0825380304	4.790000
-0.9961753109	0.0924997835	4.800000
-0.9952503131	0.1024522866	4.810000
-0.9942257902	0.1123945445	4.820000
-0.9931018448	0.1223255630	4.830000
-0.9918785891	0.1322443489	4.840000
-0.9905561456	0.1421499103	4.850000
-0.9891346465	0.1520412568	4.860000
-0.9876142340	0.1619173991	4.870000
-0.9859950600	0.1717773497	4.880000
-0.9842772865	0.1816201226	4.890000
-0.9824610853	0.1914447334	4.900000
-0.9805466379	0.2012501998	4.910000
-0.9785341359	0.2110355412	4.920000
-0.9764237805	0.2207997790	4.930000
-0.9742157827	0.2305419368	4.940000
-0.9719103634	0.2402610404	4.950000
-0.9695077529	0.2499561180	4.960000
-0.9670081918	0.2596261999	4.970000
-0.9644119298	0.2692703192	4.980000
-0.9617192266	0.2788875115	4.990000
-0.9589303515	0.2884768150	5.000000
-0.9560455833	0.2980372708	5.010000
-0.9530652106	0.3075679229	5.020000
-0.9499895314	0.3170678182	5.030000
-0.9468188532	0.3265360068	5.040000
-0.9435534931	0.3359715417	5.050000
-0.9401937777	0.3453734795	5.060000
-0.9367400429	0.3547408799	5.070000
-0.9331926341	0.3640728062	5.080000
-0.9295519061	0.3733683253	5.090000
-0.9258182228	0.3826265075	5.100000
-0.9219919577	0.3918464271	5.110000
-0.9180734935	0.4010271620	5.120000
-0.9140632218	0.4101677943	5.130000
-0.9099615439	0.4192674097	5.140000
-0.9057688698	0.4283250984	5.150000
-0.9014856188	0.4373399546	5.160000
-0.8971122193	0.4463110768	5.170000
-0.8926491085	0.4552375679	5.180000
-0.8880967328	0.4641185352	5.190000
-0.8834555475	0.4729530907	5.200000
-0.8787260166	0.4817403508	5.210000
-0.8739086131	0.4904794370	5.220000
-0.8690038187	0.4991694751	5.230000
-0.8640121239	0.5078095964	5.240000
-0.8589340280	0.5163989367	5.250000
-0.8537700386	0.5249366370	5.260000
-0.8485206722	0.5334218438	5.270000
-0.8431864538	0.5418537083	5.280000
-0.8377679167	0.5502313875	5.290000
-0.8322656028	0.5585540435	5.300000
-0.8266800624	0.5668208441	5.310000
-0.8210118540	0.5750309627	5.320000
-0.8152615443	0.5831835781	5.330000
-0.8094297086	0.5912778752	5.340000
-0.8035169298	0.5993130445	5.350000
-0.7975237994	0.6072882825	5.360000
-0.7914509165	0.6152027917	5.370000
-0.7852988886	0.6230557805	5.380000
-0.7790683308	0.6308464638	5.390000
-0.7727598662	0.6385740625	5.400000
-0.7663741255	0.6462378038	5.410000
-0.7599117475	0.6538369212	5.420000
-0.7533733783	0.6613706550	5.430000
-0.7467596717	0.6688382517	5.440000
-0.7400712892	0.6762389646	5.450000
-0.7333088996	0.6835720536	5.460000
-0.7264731790	0.6908367854	5.470000
-0.7195648112	0.6980324335	5.480000
-0.7125844869	0.7051582784	5.490000
-0.7055329041	0.7122136074	5.500000
-0.6984107680	0.7191977151	5.510000
-0.6912187908	0.7261099030	5.520000
-0.6839576918	0.7329494799	5.530000
-0.6766281970	0.7397157619	5.540000
-0.6692310394	0.7464080723	5.550000
-0.6617669587	0.7530257419	5.560000
-0.6542367013	0.7595681089	5.570000
-0.6466410202	0.7660345191	5.580000
-0.6389806750	0.7724243259	5.590000
-0.6312564317	0.7787368902	5.600000
-0.6234690628	0.7849715808	5.610000
-0.6156193470	0.7911277743	5.620000
-0.6077080693	0.7972048550	5.630000
-0.5997360207	0.8032022152	5.640000
-0.5917039986	0.8091192552	5.650000
-0.5836128060	0.8149553832	5.660000
-0.5754632522	0.8207100157	5.670000
-0.5672561520	0.8263825773	5.680000
-0.5589923262	0.8319725005	5.690000
-0.5506726012	0.8374792265	5.700000
-0.5422978090	0.8429022046	5.710000
-0.5338687869	0.8482408925	5.720000
-0.5253863780	0.8534947563	5.730000
-0.5168514304	0.8586632706	5.740000
-0.5082647977	0.8637459186	5.750000
-0.4996273386	0.8687421919	5.760000
-0.4909399166	0.8736515911	5.770000
-0.4822034007	0.8784736251	5.780000
-0.4734186645	0.8832078118	5.790000
-0.4645865864	0.8878536776	5.800000
-0.4557080496	0.8924107581	5.810000
-0.4467839420	0.8968785975	5.820000
-0.4378151560	0.9012567491	5.830000
-0.4288025885	0.9055447750	5.840000
-0.4197471408	0.9097422464	5.850000
-0.4106497183	0.9138487436	5.860000
-0.4015112309	0.9178638559	5.870000
-0.3923325923	0.9217871818	5.880000
-0.3831147205	0.9256183290	5.890000
-0.3738585372	0.9293569144	5.900000
-0.3645649681	0.9330025641	5.910000
-0.3552349424	0.9365549135	5.920000
-0.3458693933	0.9400136074	5.930000
-0.3364692572	0.9433783000	5.940000
-0.3270354742	0.9466486547	5.950000
-0.3175689877	0.9498243446	5.960000
-0.3080707442	0.9529050521	5.970000
-0.2985416937	0.9558904690	5.980000
-0.2889827890	0.9587802969	5.990000
-0.2793949860	0.9615742467	6.000000
-0.2697792436	0.9642720392	6.010000
-0.2601365232	0.9668734044	6.020000
-0.2504677891	0.9693780823	6.030000
-0.2407740083	0.9717858224	6.040000
-0.2310561501	0.9740963839	6.050000
-0.2213151863	0.9763095358	6.060000
-0.2115520909	0.9784250567	6.070000
-0.2017678403	0.9804427351	6.080000
-0.1919634130	0.9823623692	6.090000
-0.1821397893	0.9841837671	6.100000
-0.1722979516	0.9859067466	6.110000
-0.1624388842	0.9875311354	6.120000
-0.1525635728	0.9890567712	6.130000
-0.1426730051	0.9904835012	6.140000
-0.1327681701	0.9918111829	6.150000
-0.1228500582	0.9930396835	6.160000
-0.1129196614	0.9941688801	6.170000
-0.1029779726	0.9951986598	6.180000
-0.0930259860	0.9961289197	6.190000
-0.0830646968	0.9969595667	6.200000
-0.0730951011	0.9976905177	6.210000
-0.0631181960	0.9983216996	6.220000
-0.0531349790	0.9988530494	6.230000
-0.0431464485	0.9992845139	6.240000
-0.0331536033	0.9996160500	6.250000
-0.0231574428	0.9998476244	6.260000
-0.0131589666	0.9999792140	6.270000
-0.0031591745	1.0000108058	6.280000
0.0068409336	0.9999423965	6.290000
0.0168403576	0.9997739929	6.300000
0.0268380975	0.9995056119	6.310000
0.0368331536	0.9991372804	6.320000
0.0468245264	0.9986690351	6.330000
0.0568112168	0.9981009229	6.340000
0.0667922260	0.9974330007	6.350000
0.0767665560	0.9966653351	6.360000
0.0867332094	0.9957980030	6.370000
0.0966911894	0.9948310911	6.380000
0.1066395003	0.9937646961	6.390000
0.1165771473	0.9925989247	6.400000
0.1265031365	0.9913338933	6.410000
0.1364164754	0.9899697285	6.420000
0.1463161727	0.9885065668	6.430000
0.1562012384	0.9869445544	6.440000
0.1660706839	0.9852838476	6.450000
0.1759235224	0.9835246124	6.460000
0.1857587685	0.9816670247	6.470000
0.1955754388	0.9797112703	6.480000
0.2053725515	0.9776575448	6.490000
0.2151491269	0.9755060535	6.500000
0.2249041875	0.9732570116	6.510000
0.2346367576	0.9709106441	6.520000
0.2443458640	0.9684671854	6.530000
0.2540305359	0.9659268801	6.540000
0.2636898047	0.9632899820	6.550000
0.2733227045	0.9605567550	6.560000
0.2829282721	0.9577274722	6.570000
0.2925055468	0.9548024168	6.580000
0.3020535709	0.9517818811	6.590000
0.3115713898	0.9486661672	6.600000
0.3210580514	0.9454555867	6.610000
0.3305126073	0.9421504606	6.620000
0.3399341119	0.9387511195	6.630000
0.3493216231	0.9352579032	6.640000
0.3586742021	0.9316711612	6.650000
0.3679909137	0.9279912521	6.660000
0.3772708263	0.9242185438	6.670000
0.3865130117	0.9203534137	6.680000
0.3957165458	0.9163962482	6.690000
0.4048805083	0.9123474432	6.700000
0.4140039827	0.9082074033	6.710000
0.4230860568	0.9039765428	6.720000
0.4321258222	0.8996552845	6.730000
0.4411223751	0.8952440608	6.740000
0.4500748157	0.8907433126	6.750000
0.4589822488	0.8861534901	6.760000
0.4678437837	0.8814750523	6.770000
0.4766585342	0.8767084670	6.780000
0.4854256189	0.8718542108	6.790000
0.4941441610	0.8669127692	6.800000
0.5028132887	0.8618846363	6.810000
0.5114321350	0.8567703149	6.820000
0.5199998382	0.8515703165	6.830000
0.5285155414	0.8462851611	6.840000
0.5369783930	0.8409153772	6.850000
0.5453875467	0.8354615017	6.860000
0.5537421618	0.8299240801	6.870000
0.5620414026	0.8243036661	6.880000
0.5702844392	0.8186008217	6.890000
0.5784704474	0.8128161172	6.900000
0.5865986086	0.8069501311	6.910000
0.5946681099	0.8010034500	6.920000
0.6026781444	0.7949766686	6.930000
0.6106279111	0.7888703895	6.940000
0.6185166150	0.7826852233	6.950000
0.6263434672	0.7764217887	6.960000
0.6341076851	0.7700807118	6.970000
0.6418084922	0.7636626269	6.980000
0.6494451185	0.7571681757	6.990000
0.6570168003	0.7505980077	7.000000
0.6645227803	0.7439527799	7.010000
0.6719623081	0.7372331568	7.020000
0.6793346397	0.7304398104	7.030000
0.6866390378	0.7235734200	7.040000
0.6938747720	0.7166346723	7.050000
0.7010411187	0.7096242611	7.060000
0.7081373613	0.7025428875	7.070000
0.7151627902	0.6953912596	7.080000
0.7221167028	0.6881700926	7.090000
0.7289984037	0.6808801085	7.100000
0.7358072048	0.6735220365	7.110000
0.7425424252	0.6660966122	7.120000
0.7492033913	0.6586045783	7.130000
0.7557894371	0.6510466840	7.140000
0.7622999039	0.6434236849	7.150000
0.7687341408	0.6357363435	7.160000
0.7750915042	0.6279854285	7.170000
0.7813713585	0.6201717149	7.180000
0.7875730757	0.6122959841	7.190000
0.7936960355	0.6043590238	7.200000
0.7997396257	0.5963616275	7.210000
0.8057032420	0.5883045951	7.220000
0.8115862880	0.5801887322	7.230000
0.8173881753	0.5720148505	7.240000
0.8231083238	0.5637837672	7.250000
0.8287461615	0.5554963056	7.260000
0.8343011245	0.5471532944	7.270000
0.8397726575	0.5387555678	7.280000
0.8451602131	0.5303039657	7.290000
0.8504632528	0.5217993331	7.300000
0.8556812461	0.5132425207	7.310000
0.8608136713	0.5046343840	7.320000
0.8658600152	0.4959757838	7.330000
0.8708197730	0.4872675861	7.340000
0.8756924489	0.4785106616	7.350000
0.8804775555	0.4697058860	7.360000
0.8851746143	0.4608541399	7.370000
0.8897831557	0.4519563083	7.380000
0.8943027188	0.4430132811	7.390000
0.8987328516	0.4340259526	7.400000
0.9030731112	0.4249952215	7.410000
0.9073230634	0.4159219909	7.420000
0.9114822833	0.4068071681	7.430000
0.9155503550	0.3976516645	7.440000
0.9195268716	0.3884563958	7.450000
0.9234114356	0.3792222814	7.460000
0.9272036584	0.3699502448	7.470000
0.9309031608	0.3606412132	7.480000
0.9345095730	0.3512961175	7.490000
0.9380225341	0.3419158922	7.500000
0.9414416931	0.3325014752	7.510000
0.9447667078	0.3230538082	7.520000
0.9479972459	0.3135738357	7.530000
0.9511329843	0.3040625059	7.540000
0.9541736093	0.2945207698	7.550000
0.9571188170	0.2849495816	7.560000
0.9599683128	0.2753498985	7.570000
0.9627218118	0.2657226803	7.580000
0.9653790386	0.2560688900	7.590000
0.9679397275	0.2463894927	7.600000
0.9704036224	0.2366854565	7.610000
0.9727704770	0.2269577517	7.620000
0.9750400545	0.2172073511	7.630000
0.9772121280	0.2074352299	7.640000
0.9792864803	0.1976423651	7.650000
0.9812629040	0.1878297360	7.660000
0.9831412013	0.1779983240	7.670000
0.9849211846	0.1681491122	7.680000
0.9866026757	0.1582830854	7.690000
0.9881855066	0.1484012303	7.700000
0.9896695189	0.1385045351	7.710000
0.9910545642	0.1285939895	7.720000
0.9923405041	0.1186705845	7.730000
0.9935272100	0.1087353124	7.740000
0.9946145631	0.0987891667	7.750000
0.9956024548	0.0888331422	7.760000
0.9964907862	0.0788682343	7.770000
0.9972794685	0.0688954396	7.780000
0.9979684229	0.0589157554	7.790000
0.9985575805	0.0489301796	7.800000
0.9990468823	0.0389397108	7.810000
0.9994362794	0.0289453480	7.820000
0.9997257328	0.0189480907	7.830000
0.9999152138	0.0089489385	7.840000
1.0000047031	-0.0010511085	7.850000
0.9999941921	-0.0110510504	7.860000
0.9998836816	-0.0210498872	7.870000
0.9996731827	-0.0310466191	7.880000
0.9993627165	-0.0410402462	7.890000
0.9989523140	-0.0510297694	7.900000
0.9984420163	-0.0610141895	7.910000
0.9978318744	-0.0709925083	7.920000
0.9971219494	-0.0809637278	7.930000
0.9963123121	-0.0909268509	7.940000
0.9954030436	-0.1008808813	7.950000
0.9943942348	-0.1108248237	7.960000
0.9932859865	-0.1207576835	7.970000
0.9920784097	-0.1306784676	7.980000
0.9907716250	-0.1405861839	7.990000
0.9893657632	-0.1504798415	8.000000
0.9878609648	-0.1603584512	8.010000
0.9862573802	-0.1702210250	8.020000
0.9845551700	-0.1800665767	8.030000
0.9827545042	-0.1898941217	8.040000
0.9808555630	-0.1997026773	8.050000
0.9788585362	-0.2094912627	8.060000
0.9767636236	-0.2192588989	8.070000
0.9745710346	-0.2290046093	8.080000
0.9722809885	-0.2387274192	8.090000
0.9698937143	-0.2484263563	8.100000
0.9674094508	-0.2581004508	8.110000
0.9648284463	-0.2677487353	8.120000
0.9621509589	-0.2773702449	8.130000
0.9593772565	-0.2869640174	8.140000
0.9565076163	-0.2965290936	8.150000
0.9535423253	-0.3060645169	8.160000
0.9504816802	-0.3155693337	8.170000
0.9473259868	-0.3250425935	8.180000
0.9440755609	-0.3344833491	8.190000
0.9407307274	-0.3438906564	8.200000
0.9372918209	-0.3532635746	8.210000
0.9337591851	-0.3626011665	8.220000
0.9301331734	-0.3719024982	8.230000
0.9264141485	-0.3811666397	8.240000
0.9226024821	-0.3903926645	8.250000
0.9186985554	-0.3995796501	8.260000
0.9147027589	-0.4087266777	8.270000
0.9106154921	-0.4178328326	8.280000
0.9064371638	-0.4268972042	8.290000
0.9021681918	-0.4359188861	8.300000
0.8978090029	-0.4448969762	8.310000
0.8933600331	-0.4538305765	8.320000
0.8888217274	-0.4627187938	8.330000
0.8841945394	-0.4715607392	8.340000
0.8794789321	-0.4803555285	8.350000
0.8746753768	-0.4891022822	8.360000
0.8697843539	-0.4978001258	8.370000
0.8648063527	-0.5064481893	8.380000
0.8597418708	-0.5150456080	8.390000
0.8545914147	-0.5235915222	8.400000
0.8493554995	-0.5320850772	8.410000
0.8440346487	-0.5405254237	8.420000
0.8386293945	-0.5489117176	8.430000
0.8331402773	-0.5572431204	8.440000
0.8275678461	-0.5655187988	8.450000
0.8219126581	-0.5737379254	8.460000
0.8161752789	-0.5818996782	8.470000
0.8103562821	-0.5900032410	8.480000
0.8044562497	-0.5980478035	8.490000
0.7984757716	-0.6060325612	8.500000
0.7924154460	-0.6139567157	8.510000
0.7862758789	-0.6218194745	8.520000
0.7800576841	-0.6296200513	8.530000
0.7737614836	-0.6373576662	8.540000
0.7673879069	-0.6450315452	8.550000
0.7609375915	-0.6526409211	8.560000
0.7544111823	-0.6601850330	8.570000
0.7478093320	-0.6676631263	8.580000
0.7411327007	-0.6750744533	8.590000
0.7343819562	-0.6824182729	8.600000
0.7275577734	-0.6896938506	8.610000
0.7206608349	-0.6969004589	8.620000
0.7136918303	-0.7040373772	8.630000
0.7066514566	-0.7111038918	8.640000
0.6995404176	-0.7180992960	8.650000
0.6923594247	-0.7250228902	8.660000
0.6851091958	-0.7318739822	8.670000
0.6777904560	-0.7386518868	8.680000
0.6704039371	-0.7453559261	8.690000
0.6629503778	-0.7519854299	8.700000
0.6554305235	-0.7585397351	8.710000
0.6478451262	-0.7650181864	8.720000
0.6401949443	-0.7714201358	8.730000
0.6324807430	-0.7777449433	8.740000
0.6247032935	-0.7839919762	8.750000
0.6168633738	-0.7901606099	8.760000
0.6089617677	-0.7962502276	8.770000
0.6009992654	-0.8022602203	8.780000
0.5929766632	-0.8081899869	8.790000
0.5848947633	-0.8140389345	8.800000
0.5767543740	-0.8198064783	8.810000
0.5685563092	-0.8254920414	8.820000
0.5603013888	-0.8310950553	8.830000
0.5519904382	-0.8366149596	8.840000
0.5436242886	-0.8420512025	8.850000
0.5352037766	-0.8474032403	8.860000
0.5267297442	-0.8526705377	8.870000
0.5182030388	-0.8578525681	8.880000
0.5096245131	-0.8629488133	8.890000
0.5009950250	-0.8679587635	8.900000
0.4923154374	-0.8728819179	8.910000
0.4835866182	-0.8777177841	8.920000
0.4748094404	-0.8824658785	8.930000
0.4659847816	-0.8871257263	8.940000
0.4571135243	-0.8916968615	8.950000
0.4481965557	-0.8961788271	8.960000
0.4392347674	-0.9005711748	8.970000
0.4302290557	-0.9048734653	8.980000
0.4211803210	-0.9090852685	8.990000
0.4120894683	-0.9132061632	9.000000
0.4029574067	-0.9172357373	9.010000
0.3937850493	-0.9211735878	9.020000
0.3845733135	-0.9250193209	9.030000
0.3753231202	-0.9287725521	9.040000
0.3660353947	-0.9324329060	9.050000
0.3567110657	-0.9360000167	9.060000
0.3473510655	-0.9394735274	9.070000
0.3379563302	-0.9428530907	9.080000
0.3285277993	-0.9461383687	9.090000
0.3190664156	-0.9493290328	9.100000
0.3095731253	-0.9524247641	9.110000
0.3000488777	-0.9554252528	9.120000
0.2904946251	-0.9583301991	9.130000
0.2809113231	-0.9611393123	9.140000
0.2712999300	-0.9638523116	9.150000
0.2616614069	-0.9664689257	9.160000
0.2519967176	-0.9689888929	9.170000
0.2423068287	-0.9714119612	9.180000
0.2325927091	-0.9737378882	9.190000
0.2228553302	-0.9759664415	9.200000
0.2130956658	-0.9780973982	9.210000
0.2033146918	-0.9801305451	9.220000
0.1935133864	-0.9820656790	9.230000
0.1836927296	-0.9839026063	9.240000
0.1738537035	-0.9856411433	9.250000
0.1639972921	-0.9872811162	9.260000
0.1541244809	-0.9888223610	9.270000
0.1442362573	-0.9902647236	9.280000
0.1343336101	-0.9916080597	9.290000
0.1244175295	-0.9928522350	9.300000
0.1144890071	-0.9939971251	9.310000
0.1045490359	-0.9950426154	9.320000
0.0945986097	-0.9959886015	9.330000
0.0846387237	-0.9968349888	9.340000
0.0746703738	-0.9975816925	9.350000
0.0646945569	-0.9982286381	9.360000
0.0547122705	-0.9987757608	9.370000
0.0447245129	-0.9992230059	9.380000
0.0347322828	-0.9995703288	9.390000
0.0247365796	-0.9998176945	9.400000
0.0147384026	-0.9999650786	9.410000
0.0047387518	-1.0000124661	9.420000
-0.0052613728	-0.9999598524	9.430000
-0.0152609714	-0.9998072427	9.440000
-0.0252590438	-0.9995546522	9.450000
-0.0352545903	-0.9992021063	9.460000
-0.0452466114	-0.9987496402	9.470000
-0.0552341078	-0.9981972991	9.480000
-0.0652160808	-0.9975451383	9.490000
-0.0751915321	-0.9967932230	9.500000
-0.0851594644	-0.9959416283	9.510000
-0.0951188807	-0.9949904395	9.520000
-0.1050687851	-0.9939397517	9.530000
-0.1150081826	-0.9927896699	9.540000
-0.1249360793	-0.9915403091	9.550000
-0.1348514824	-0.9901917942	9.560000
-0.1447534003	-0.9887442602	9.570000
-0.1546408429	-0.9871978518	9.580000
-0.1645128214	-0.9855527236	9.590000
-0.1743683487	-0.9838090401	9.600000
-0.1842064391	-0.9819669757	9.610000
-0.1940261088	-0.9800267146	9.620000
-0.2038263760	-0.9779884509	9.630000
-0.2136062605	-0.9758523883	9.640000
-0.2233647844	-0.9736187404	9.650000
-0.2331009718	-0.9712877307	9.660000
-0.2428138491	-0.9688595922	9.670000
-0.2525024450	-0.9663345678	9.680000
-0.2621657907	-0.9637129099	9.690000
-0.2718029198	-0.9609948807	9.700000
-0.2814128686	-0.9581807520	9.710000
-0.2909946761	-0.9552708052	9.720000
-0.3005473841	-0.9522653314	9.730000
-0.3100700375	-0.9491646310	9.740000
-0.3195616838	-0.9459690142	9.750000
-0.3290213739	-0.9426788004	9.760000
-0.3384481619	-0.9392943188	9.770000
-0.3478411051	-0.9358159078	9.780000
-0.3571992642	-0.9322439151	9.790000
-0.3665217033	-0.9285786981	9.800000
-0.3758074903	-0.9248206232	9.810000
-0.3850556965	-0.9209700662	9.820000
-0.3942653972	-0.9170274122	9.830000
-0.4034356713	-0.9129930555	9.840000
-0.4125656019	-0.9088673995	9.850000
-0.4216542759	-0.9046508567	9.860000
-0.4307007844	-0.9003438489	9.870000
-0.4397042229	-0.8959468067	9.880000
-0.4486636910	-0.8914601698	9.890000
-0.4575782927	-0.8868843868	9.900000
-0.4664471366	-0.8822199155	9.910000
-0.4752693357	-0.8774672221	9.920000
-0.4840440079	-0.8726267820	9.930000
-0.4927702758	-0.8676990793	9.940000
-0.5014472666	-0.8626846066	9.950000
-0.5100741126	-0.8575838655	9.960000
-0.5186499513	-0.8523973660	9.970000
-0.5271739249	-0.8471256267	9.980000
-0.5356451812	-0.8417691749	9.990000
-0.5440628730	-0.8363285462	10.000000
-0.5524261584	-0.8308042846	10.010000
-0.5607342013	-0.8251969426	10.020000
-0.5689861707	-0.8195070809	10.030000
-0.5771812415	-0.8137352685	10.040000
-0.5853185942	-0.8078820825	10.050000
-0.5933974150	-0.8019481084	10.060000
-0.6014168961	-0.7959339394	10.070000
-0.6093762355	-0.7898401771	10.080000
-0.6172746373	-0.7836674307	10.090000
-0.6251113116	-0.7774163176	10.100000
-0.6328854747	-0.7710874628	10.110000
-0.6405963494	-0.7646814993	10.120000
-0.6482431644	-0.7581990677	10.130000
-0.6558251550	-0.7516408161	10.140000
-0.6633415632	-0.7450074005	10.150000
-0.6707916372	-0.7382994841	10.160000
-0.6781746320	-0.7315177378	10.170000
-0.6854898094	-0.7246628397	10.180000
-0.6927364378	-0.7177354753	10.190000
-0.6999137926	-0.7107363374	10.200000
-0.7070211559	-0.7036661259	10.210000
-0.7140578172	-0.6965255477	10.220000
-0.7210230727	-0.6893153170	10.230000
-0.7279162258	-0.6820361547	10.240000
-0.7347365874	-0.6746887888	10.250000
-0.7414834753	-0.6672739541	10.260000
-0.7481562148	-0.6597923919	10.270000
-0.7547541387	-0.6522448505	10.280000
-0.7612765872	-0.6446320847	10.290000
-0.7677229081	-0.6369548556	10.300000
-0.7740924567	-0.6292139310	10.310000
-0.7803845960	-0.6214100851	10.320000
-0.7865986968	-0.6135440981	10.330000
-0.7927341378	-0.6056167567	10.340000
-0.7987903054	-0.5976288537	10.350000
-0.8047665939	-0.5895811877	10.360000
-0.8106624058	-0.5814745637	10.370000
-0.8164771514	-0.5733097921	10.380000
-0.8222102493	-0.5650876896	10.390000
-0.8278611262	-0.5568090784	10.400000
-0.8334292170	-0.5484747862	10.410000
-0.8389139649	-0.5400856466	10.420000
-0.8443148213	-0.5316424984	10.430000
-0.8496312463	-0.5231461859	10.440000
-0.8548627082	-0.5145975588	10.450000
-0.8600086838	-0.5059974720	10.460000
-0.8650686585	-0.4973467854	10.470000
-0.8700421263	-0.4886463641	10.480000
-0.8749285900	-0.4798970782	10.490000
-0.8797275608	-0.4710998026	10.500000
-0.8844385588	-0.4622554170	10.510000
-0.8890611130	-0.4533648059	10.520000
-0.8935947610	-0.4444288583	10.530000
-0.8980390496	-0.4354484678	10.540000
-0.9023935343	-0.4264245324	10.550000
-0.9066577796	-0.4173579547	10.560000
-0.9108313592	-0.4082496411	10.570000
-0.9149138556	-0.3991005025	10.580000
-0.9189048606	-0.3899114539	10.590000
-0.9228039751	-0.3806834141	10.600000
-0.9266108093	-0.3714173061	10.610000
-0.9303249823	-0.3621140562	10.620000
-0.9339461229	-0.3527745950	10.630000
-0.9374738688	-0.3433998563	10.640000
-0.9409078674	-0.3339907776	10.650000
-0.9442477752	-0.3245482999	10.660000
-0.9474932582	-0.3150733673	10.670000
-0.9506439919	-0.3055669274	10.680000
-0.9536996611	-0.2960299308	10.690000
-0.9566599604	-0.2864633312	10.700000
-0.9595245937	-0.2768680852	10.710000
-0.9622932746	-0.2672451525	10.720000
-0.9649657261	-0.2575954952	10.730000
-0.9675416811	-0.2479200784	10.740000
-0.9700208819	-0.2382198696	10.750000
-0.9724030806	-0.2284958388	10.760000
-0.9746880389	-0.2187489584	10.770000
-0.9768755285	-0.2089802031	10.780000
-0.9789653306	-0.1991905498	10.790000
-0.9809572361	-0.1893809775	10.800000
-0.9828510458	-0.1795524670	10.810000
-0.9846465705	-0.1697060013	10.820000
-0.9863436305	-0.1598425650	10.830000
-0.9879420562	-0.1499631444	10.840000
-0.9894416876	-0.1400687275	10.850000
-0.9908423749	-0.1301603038	10.860000
-0.9921439779	-0.1202388640	10.870000
-0.9933463666	-0.1103054004	10.880000
-0.9944494206	-0.1003609061	10.890000
-0.9954530296	-0.0904063758	10.900000
-0.9963570934	-0.0804428049	10.910000
-0.9971615214	-0.0704711897	10.920000
-0.9978662333	-0.0604925274	10.930000
-0.9984711586	-0.0505078158	10.940000
-0.9989762368	-0.0405180534	10.950000
-0.9993814173	-0.0305242392	10.960000
-0.9996866597	-0.0205273726	10.970000
-0.9998919334	-0.0105284533	10.980000
-0.9999972180	-0.0005284811	10.990000
-1.0000025028	0.0094715439	11.000000
-0.9999077873	0.0194706218	11.010000
-0.9997130811	0.0294677526	11.020000
-0.9994184036	0.0394619366	11.030000
-0.9990237842	0.0494521745	11.040000
-0.9985292625	0.0594374671	11.050000
-0.9979348878	0.0694168160	11.060000
-0.9972407196	0.0793892232	11.070000
-0.9964468274	0.0893536914	11.080000
-0.9955532905	0.0993092243	11.090000
-0.9945601982	0.1092548263	11.100000
-0.9934676500	0.1191895028	11.110000
-0.9922757550	0.1291122604	11.120000
-0.9909846324	0.1390221067	11.130000
-0.9895944113	0.1489180508	11.140000
-0.9881052308	0.1587991031	11.150000
-0.9865172397	0.1686642755	11.160000
-0.9848305970	0.1785125815	11.170000
-0.9830454712	0.1883430362	11.180000
-0.9811620408	0.1981546566	11.190000
-0.9791804943	0.2079464615	11.200000
-0.9771010296	0.2177174718	11.210000
-0.9749238549	0.2274667104	11.220000
-0.9726491878	0.2371932023	11.230000
-0.9702772558	0.2468959748	11.240000
-0.9678082960	0.2565740578	11.250000
-0.9652425555	0.2662264833	11.260000
-0.9625802906	0.2758522862	11.270000
-0.9598217678	0.2854505039	11.280000
-0.9569672627	0.2950201766	11.290000
-0.9540170610	0.3045603472	11.300000
-0.9509714575	0.3140700617	11.310000
-0.9478307569	0.3235483693	11.320000
-0.9445952732	0.3329943220	11.330000
-0.9412653300	0.3424069753	11.340000
-0.9378412602	0.3517853879	11.350000
-0.9343234063	0.3611286220	11.360000
-0.9307121201	0.3704357432	11.370000
-0.9270077627	0.3797058208	11.380000
-0.9232107045	0.3889379279	11.390000
-0.9193213252	0.3981311411	11.400000
-0.9153400138	0.4072845413	11.410000
-0.9112671684	0.4163972129	11.420000
-0.9071031962	0.4254682449	11.430000
-0.9028485138	0.4344967300	11.440000
-0.8985035465	0.4434817655	11.450000
-0.8940687288	0.4524224528	11.460000
-0.8895445043	0.4613178978	11.470000
-0.8849313253	0.4701672111	11.480000
-0.8802296532	0.4789695076	11.490000
-0.8754399581	0.4877239072	11.500000
-0.8705627191	0.4964295344	11.510000
-0.8655984237	0.5050855186	11.520000
-0.8605475685	0.5136909943	11.530000
-0.8554106586	0.5222451009	11.540000
-0.8501882076	0.5307469830	11.550000
-0.8448807378	0.5391957904	11.560000
-0.8394887798	0.5475906782	11.570000
-0.8340128731	0.5559308069	11.580000
-0.8284535650	0.5642153425	11.590000
-0.8228114116	0.5724434567	11.600000
-0.8170869770	0.5806143264	11.610000
-0.8112808337	0.5887271348	11.620000
-0.8053935624	0.5967810704	11.630000
-0.7994257517	0.6047753279	11.640000
-0.7933779984	0.6127091079	11.650000
-0.7872509073	0.6205816170	11.660000
-0.7810450912	0.6283920679	11.670000
-0.7747611705	0.6361396796	11.680000
-0.7683997737	0.6438236773	11.690000
-0.7619615369	0.6514432927	11.700000
-0.7554471040	0.6589977637	11.710000
-0.7488571264	0.6664863350	11.720000
-0.7421922630	0.6739082576	11.730000
-0.7354531804	0.6812627894	11.740000
-0.7286405525	0.6885491949	11.750000
-0.7217550606	0.6957667456	11.760000
-0.7147973931	0.7029147195	11.770000
-0.7077682459	0.7099924019	11.780000
-0.7006683219	0.7169990852	11.790000
-0.6934983311	0.7239340685	11.800000
-0.6862589904	0.7307966584	11.810000
-0.6789510238	0.7375861686	11.820000
-0.6715751621	0.7443019202	11.830000
-0.6641321429	0.7509432417	11.840000
-0.6566227105	0.7575094688	11.850000
-0.6490476158	0.7639999449	11.860000
-0.6414076163	0.7704140211	11.870000
-0.6337034761	0.7767510559	11.880000
-0.6259359656	0.7830104155	11.890000
-0.6181058614	0.7891914741	11.900000
-0.6102139467	0.7952936136	11.910000
-0.6022610105	0.8013162237	11.920000
-0.5942478483	0.8072587022	11.930000
-0.5861752613	0.8131204548	11.940000
-0.5780440567	0.8189008954	11.950000
-0.5698550478	0.8245994458	11.960000
-0.5616090533	0.8302155364	11.970000
-0.5533068980	0.8357486054	11.980000
-0.5449494119	0.8411980995	11.990000
-0.5365374309	0.8465634738	12.000000
-0.5280717962	0.8518441917	12.010000
-0.5195533543	0.8570397253	12.020000
-0.5109829570	0.8621495549	12.030000
-0.5023614615	0.8671731695	12.040000
-0.4936897298	0.8721100668	12.050000
-0.4849686291	0.8769597531	12.060000
-0.4761990316	0.8817217434	12.070000
-0.4673818141	0.8863955615	12.080000
-0.4585178585	0.8909807401	12.090000
-0.4496080511	0.8954768206	12.100000
-0.4406532829	0.8998833534	12.110000
-0.4316544494	0.9041998979	12.120000
-0.4226124504	0.9084260224	12.130000
-0.4135281902	0.9125613043	12.140000
-0.4044025771	0.9166053301	12.150000
-0.3952365238	0.9205576953	12.160000
-0.3860309469	0.9244180048	12.170000
-0.3767867668	0.9281858725	12.180000
-0.3675049081	0.9318609216	12.190000
-0.3581862989	0.9354427846	12.200000
-0.3488318710	0.9389311033	12.210000
-0.3394425600	0.9423255289	12.220000
-0.3300193047	0.9456257219	12.230000
-0.3205630475	0.9488313524	12.240000
-0.3110747340	0.9519420997	12.250000
-0.3015553130	0.9549576529	12.260000
-0.2920057365	0.9578777102	12.270000
-0.2824269593	0.9607019798	12.280000
-0.2728199396	0.9634301792	12.290000
-0.2631856378	0.9660620356	12.300000
-0.2535250174	0.9685972858	12.310000
-0.2438390445	0.9710356762	12.320000
-0.2341286878	0.9733769631	12.330000
-0.2243949182	0.9756209123	12.340000
-0.2146387090	0.9777672994	12.350000
-0.2048610360	0.9798159097	12.360000
-0.1950628769	0.9817665385	12.370000
-0.1852452116	0.9836189906	12.380000
-0.1754090216	0.9853730808	12.390000
-0.1655552908	0.9870286337	12.400000
-0.1556850045	0.9885854838	12.410000
-0.1457991497	0.9900434753	12.420000
-0.1358987149	0.9914024624	12.430000
-0.1259846903	0.9926623093	12.440000
-0.1160580672	0.9938228900	12.450000
-0.1061198383	0.9948840884	12.460000
-0.0961709974	0.9958457984	12.470000
-0.0862125394	0.9967079237	12.480000
-0.0762454602	0.9974703783	12.490000
-0.0662707564	0.9981330859	12.500000
-0.0562894255	0.9986959802	12.510000
-0.0463024657	0.9991590048	12.520000
-0.0363108757	0.9995221136	12.530000
-0.0263156546	0.9997852701	12.540000
-0.0163178019	0.9999484481	12.550000
-0.0063183174	1.0000116313	12.560000
0.0036817989	0.9999748133	12.570000
0.0136815471	0.9998379979	12.580000
0.0236799270	0.9996011986	12.590000
0.0336759390	0.9992644392	12.600000
0.0436685834	0.9988277534	12.610000
0.0536568610	0.9982911848	12.620000
0.0636397728	0.9976547870	12.630000
0.0736163207	0.9969186238	12.640000
0.0835855069	0.9960827688	12.650000
0.0935463346	0.9951473054	12.660000
0.1034978077	0.9941123273	12.670000
0.1134389309	0.9929779380	12.680000
0.1233687103	0.9917442509	12.690000
0.1332861528	0.9904113894	12.700000
0.1431902667	0.9889794867	12.710000
0.1530800616	0.9874486861	12.720000
0.1629545484	0.9858191406	12.730000
0.1728127398	0.9840910132	12.740000
0.1826536500	0.9822644767	12.750000
0.1924762947	0.9803397138	12.760000
0.2022796919	0.9783169169	12.770000
0.2120628611	0.9761962882	12.780000
0.2218248239	0.9739780400	12.790000
0.2315646043	0.9716623940	12.800000
0.2412812283	0.9692495817	12.810000
0.2509737241	0.9667398444	12.820000
0.2606411225	0.9641334332	12.830000
0.2702824569	0.9614306086	12.840000
0.2798967630	0.9586316410	12.850000
0.2894830794	0.9557368102	12.860000
0.2990404475	0.9527464057	12.870000
0.3085679115	0.9496607266	12.880000
0.3180645188	0.9464800814	12.890000
0.3275293196	0.9432047882	12.900000
0.3369613675	0.9398351746	12.910000
0.3463597192	0.9363715774	12.920000
0.3557234350	0.9328143430	12.930000
0.3650515784	0.9291638272	12.940000
0.3743432167	0.9254203951	12.950000
0.3835974207	0.9215844209	12.960000
0.3928132649	0.9176562882	12.970000
0.4019898278	0.9136363899	12.980000
0.4111261917	0.9095251280	12.990000
0.4202214429	0.9053229136	13.000000
0.4292746721	0.9010301669	13.010000
0.4382849737	0.8966473171	13.020000
0.4472514469	0.8921748027	13.030000
0.4561731949	0.8876130707	13.040000
0.4650493256	0.8829625775	13.050000
0.4738789514	0.8782237880	13.060000
0.4826611893	0.8733971761	13.070000
0.4913951611	0.8684832244	13.080000
0.5000799933	0.8634824245	13.090000
0.5087148175	0.8583952763	13.100000
0.5172987703	0.8532222886	13.110000
0.5258309932	0.8479639787	13.120000
0.5343106330	0.8426208724	13.130000
0.5427368417	0.8371935040	13.140000
0.5511087767	0.8316824162	13.150000
0.5594256009	0.8260881602	13.160000
0.5676864825	0.8204112954	13.170000
0.5758905955	0.8146523894	13.180000
0.5840371194	0.8088120182	13.190000
0.5921252395	0.8028907658	13.200000
0.6001541472	0.7968892243	13.210000
0.6081230394	0.7908079939	13.220000
0.6160311194	0.7846476828	13.230000
0.6238775962	0.7784089068	13.240000
0.6316616853	0.7720922899	13.250000
0.6393826082	0.7656984639	13.260000
0.6470395928	0.7592280679	13.270000
0.6546318735	0.7526817492	13.280000
0.6621586910	0.7460601623	13.290000
0.6696192926	0.7393639694	13.300000
0.6770129323	0.7325938400	13.310000
0.6843388707	0.7257504513	13.320000
0.6915963752	0.7188344876	13.330000
0.6987847201	0.7118466404	13.340000
0.7059031865	0.7047876085	13.350000
0.7129510626	0.6976580979	13.360000
0.7199276436	0.6904588214	13.370000
0.7268322318	0.6831904991	13.380000
0.7336641368	0.6758538578	13.390000
0.7404226753	0.6684496310	13.400000
0.7471071717	0.6609785593	13.410000
0.7537169572	0.6534413897	13.420000
0.7602513711	0.6458388760	13.430000
0.7667097599	0.6381717784	13.440000
0.7730914777	0.6304408636	13.450000
0.7793958863	0.6226469048	13.460000
0.7856223554	0.6147906812	13.470000
0.7917702622	0.6068729786	13.480000
0.7978389920	0.5988945887	13.490000
0.8038279379	0.5908563093	13.500000
0.8097365009	0.5827589443	13.510000
0.8155640904	0.5746033034	13.520000
0.8213101234	0.5663902021	13.530000
0.8269740254	0.5581204619	13.540000
0.8325552301	0.5497949096	13.550000
0.8380531792	0.5414143778	13.560000
0.8434673229	0.5329797046	13.570000
0.8487971200	0.5244917334	13.580000
0.8540420373	0.5159513130	13.590000
0.8592015504	0.5073592975	13.600000
0.8642751434	0.4987165461	13.610000
0.8692623089	0.4900239230	13.620000
0.8741625481	0.4812822975	13.630000
0.8789753711	0.4724925438	13.640000
0.8837002965	0.4636555408	13.650000
0.8883368519	0.4547721723	13.660000
0.8928845737	0.4458433266	13.670000
0.8973430069	0.4368698965	13.680000
0.9017117059	0.4278527794	13.690000
0.9059902337	0.4187928771	13.700000
0.9101781625	0.4096910955	13.710000
0.9142750734	0.4005483447	13.720000
0.9182805569	0.3913655392	13.730000
0.9221942122	0.3821435970	13.740000
0.9260156482	0.3728834406	13.750000
0.9297444826	0.3635859957	13.760000
0.9333803426	0.3542521923	13.770000
0.9369228645	0.3448829637	13.780000
0.9403716941	0.3354792467	13.790000
0.9437264866	0.3260419819	13.800000
0.9469869064	0.3165721128	13.810000
0.9501526276	0.3070705865	13.820000
0.9532233334	0.2975383532	13.830000
0.9561987170	0.2879763660	13.840000
0.9590784806	0.2783855812	13.850000
0.9618623364	0.2687669578	13.860000
0.9645500060	0.2591214578	13.870000
0.9671412206	0.2494500456	13.880000
0.9696357210	0.2397536884	13.890000
0.9720332579	0.2300333558	13.900000
0.9743335915	0.2202900199	13.910000
0.9765364917	0.2105246550	13.920000
0.9786417382	0.2007382376	13.930000
0.9806491206	0.1909317464	13.940000
0.9825584381	0.1811061620	13.950000
0.9843694997	0.1712624670	13.960000
0.9860821244	0.1614016457	13.970000
0.9876961408	0.1515246843	13.980000
0.9892113877	0.1416325705	13.990000
0.9906277134	0.1317262933	14.000000
0.9919449763	0.1218068436	14.010000
0.9931630447	0.1118752131	14.020000
0.9942817969	0.1019323952	14.030000
0.9953011208	0.0919793839	14.040000
0.9962209147	0.0820171748	14.050000
0.9970410864	0.0720467639	14.060000
0.9977615540	0.0620691484	14.070000
0.9983822455	0.0520853259	14.080000
0.9989030988	0.0420962949	14.090000
0.9993240617	0.0321030543	14.100000
0.9996450923	0.0221066034	14.110000
0.9998661583	0.0121079418	14.120000
0.9999872377	0.0021080694	14.130000
1.0000083184	-0.0078920137	14.140000
0.9999293983	-0.0178913077	14.150000
0.9997504852	-0.0278888126	14.160000
0.9994715971	-0.0378835285	14.170000
0.9990927618	-0.0478744562	14.180000
0.9986140172	-0.0578605963	14.190000
0.9980354113	-0.0678409504	14.200000
0.9973570018	-0.0778145205	14.210000
0.9965788566	-0.0877803090	14.220000
0.9957010535	-0.0977373196	14.230000
0.9947236803	-0.1076845564	14.240000
0.9936468347	-0.1176210247	14.250000
0.9924706245	-0.1275457310	14.260000
0.9911951672	-0.1374576826	14.270000
0.9898205903	-0.1473558885	14.280000
0.9883470314	-0.1572393588	14.290000
0.9867746379	-0.1671071052	14.300000
0.9851035668	-0.1769581409	14.310000
0.9833339854	-0.1867914807	14.320000
0.9814660706	-0.1966061415	14.330000
0.9795000092	-0.2064011415	14.340000
0.9774359978	-0.2161755015	14.350000
0.9752742427	-0.2259282440	14.360000
0.9730149603	-0.2356583936	14.370000
0.9706583764	-0.2453649773	14.380000
0.9682047266	-0.2550470246	14.390000
0.9656542563	-0.2647035671	14.400000
0.9630072207	-0.2743336394	14.410000
0.9602638843	-0.2839362782	14.420000
0.9574245215	-0.2935105234	14.430000
0.9544894163	-0.3030554176	14.440000
0.9514588621	-0.3125700062	14.450000
0.9483331620	-0.3220533378	14.460000
0.9451126287	-0.3315044641	14.470000
0.9417975840	-0.3409224399	14.480000
0.9383883596	-0.3503063235	14.490000
0.9348852964	-0.3596551765	14.500000
0.9312887446	-0.3689680639	14.510000
0.9275990640	-0.3782440546	14.520000
0.9238166234	-0.3874822208	14.530000
0.9199418012	-0.3966816388	14.540000
0.9159749848	-0.4058413887	14.550000
0.9119165709	-0.4149605544	14.560000
0.9077669654	-0.4240382240	14.570000
0.9035265832	-0.4330734899	14.580000
0.8991958483	-0.4420654484	14.590000
0.8947751938	-0.4510132003	14.600000
0.8902650618	-0.4599158509	14.610000
0.8856659033	-0.4687725099	14.620000
0.8809781782	-0.4775822917	14.630000
0.8762023552	-0.4863443153	14.640000
0.8713389121	-0.4950577044	14.650000
0.8663883350	-0.5037215878	14.660000
0.8613511192	-0.5123350989	14.670000
0.8562277682	-0.5208973766	14.680000
0.8510187944	-0.5294075646	14.690000
0.8457247188	-0.5378648118	14.700000
0.8403460707	-0.5462682725	14.710000
0.8348833879	-0.5546171063	14.720000
0.8293372169	-0.5629104785	14.730000
0.8237081121	-0.5711475596	14.740000
0.8179966365	-0.5793275260	14.750000
0.8122033612	-0.5874495596	14.760000
0.8063288656	-0.5955128483	14.770000
0.8003737371	-0.6035165856	14.780000
0.7943385713	-0.6114599714	14.790000
0.7882239716	-0.6193422111	14.800000
0.7820305495	-0.6271625166	14.810000
0.7757589243	-0.6349201058	14.820000
0.7694097232	-0.6426142030	14.830000
0.7629835812	-0.6502440388	14.840000
0.7564811408	-0.6578088503	14.850000
0.7499030523	-0.6653078808	14.860000
0.7432499735	-0.6727403805	14.870000
0.7365225697	-0.6801056062	14.880000
0.7297215136	-0.6874028213	14.890000
0.7228474854	-0.6946312962	14.900000
0.7159011725	-0.7017903079	14.910000
0.7088832694	-0.7088791406	14.920000
0.7017944780	-0.7158970854	14.930000
0.6946355071	-0.7228434405	14.940000
0.6874070727	-0.7297175112	14.950000
0.6801098976	-0.7365186102	14.960000
0.6727447115	-0.7432460573	14.970000
0.6653122509	-0.7498991798	14.980000
0.6578132591	-0.7564773124	14.990000
0.6502484860	-0.7597285548	15.000000
